7
17
0
50
-1.740443879613223
-0.03589612518038666
-0.03589612518038666
-0.7148802696886128
0.7063046328026655
0.01068244258340084
-0.9159156872304732
-0.8285319746076757
-0.7262149473325636
-0.1369401488116898
-1.6930494114129397
-0.025250835591892572
-0.025250835591892572
-0.565039514377847
-0.4731324492236874
-0.8569093061671188
0.6281891515450901
0.6242164485235135
-0.7923554034476918
-0.37785427347481537
-4.1406034620665135
0.05309906875035749
0.05309906875035749
0.689683584899418
0.18376867380084755
-0.02758164902999039
-0.31242575356805974
0.25435004834287234
0.809674716977163
0.48726507327056917
-3.4772790043991937
-0.017999797062436308
-0.017999797062436308
0.6752417462753479
0.7843422105318988
-0.7835375606268752
-0.04250850376019935
0.43807947204901876
-0.337134782258441
-0.6456411367996916
-7.0931806738560885
-0.011464092704955693
-0.011464092704955693
0.6192948662243867
-0.11634125618676304
0.3940003131806243
0.9118328775184811
-0.6097180550716439
-0.5061418897686866
-0.6620177869875005
-1.9682610935226736
0.003082506725761227
0.003082506725761227
-0.4792022046883922
-0.4211586312267609
0.5734336266529554
-0.5611114989389685
-0.2702649772863497
0.2994987834645888
0.24909613148695373
-3.0084606901459376
0.028915423380005065
0.028915423380005065
-0.4506957007164735
0.44682885000946443
-0.9088584387896012
-0.7307113609232687
0.7292724168816058
-0.028836192472686914
1.0147830654294752
-2.4705331292430337
-0.014064229640725078
-0.014064229640725078
0.969948183883435
-0.48346281856267
-0.2580507518530722
0.1321099026347199
-0.06292569066380531
0.24112396616323453
-0.717937887876122
-2.7003953295804135
-0.02193596126400852
-0.02193596126400852
0.10027352852174495
-0.610772709542129
0.9272691605540478
-0.3186635787270466
0.213173711681505
-0.7616431997274844
0.028363162464047284
-5.994950484768614
0.02938981613311855
0.02938981613311855
0.401395819921706
0.4430871535713842
0.967518772156054
0.9109882951307066
0.676587490894909
0.32212100309466923
0.5453487616596484
-1.7058448636130694
-0.04233272792950582
-0.04233272792950582
-0.9958650631763051
-0.7004351289642157
0.6353044406645968
0.5554391184464761
-0.9387042801658372
-0.17379190694370347
-0.7773253293389596
-6.237079836582812
0.004351419273148479
0.004351419273148479
0.46159054702855284
0.8788048517705234
0.4063119320701919
-0.42917716949873413
-0.168158985572256
0.6800811197980049
0.19717912296717763
-2.4023041307300765
-0.014555664805543822
-0.014555664805543822
-0.09895065964485912
0.08831227832685012
0.45191538850924673
-0.6027296241330152
-0.9680518555106333
-0.10218748991985592
0.6396300592329609
-1.0479578179624989
-0.016552894336192128
-0.016552894336192128
-0.8049993505597007
-0.3633744203813769
-0.7660774102729614
-0.2767668445540121
-0.625113894846009
-0.3356163563910977
-0.02164303812692156
-4.653439145452821
-0.004374639911739064
-0.004374639911739064
-0.8491294768232716
0.02359079269788078
-0.306416795084284
-0.9858483136941175
-0.5139835728272463
0.06153011102446297
0.5675950524561888
-3.0487026387811693
-0.006996300666803764
-0.006996300666803764
0.40174867715058754
0.6009963145147076
-0.9241340236393815
0.5420011763120901
-0.23549975704819057
0.8148743496770022
-0.7385105907375432
-1.686661344522516
-0.010376532052950426
-0.010376532052950426
-0.6439004230499026
-0.8211628111434007
-0.21034583751748012
-0.8035923587522225
0.49300304119609833
-0.10926126425430019
-0.009863570126974398
-2.2640618456308568
-0.0003907637499469731
-0.0003907637499469731
0.21954088966667995
-0.14053935229795322
0.5261585208726673
-0.3796367220971371
0.16256407344367232
0.6745413863778951
-0.6669837768520362
-3.4659924909430235
-0.005264601562473012
-0.005264601562473012
-0.6241156868072559
0.5325277018649698
-0.589609871229114
0.9686311995201181
0.3271546763091638
0.34603363400788656
-0.6725916606504165
-3.1354154424995677
-0.02002105581553985
-0.02002105581553985
0.7218403268240995
0.8863173698028316
-0.7187516920757008
-0.5015296299855759
0.12672842074098756
-0.5253308021830504
-0.43298234842446387
-3.3359153620922357
-0.01448580549990067
-0.01448580549990067
-0.403532241012978
-0.20078622862569853
0.5615295434236008
0.8322669260016807
-0.05858785779285659
-0.6295425822246676
-0.0923763584806156
-3.6239044522414803
-0.01407739203277225
-0.01407739203277225
0.5461155814815563
0.06077877735039263
0.6217949272813852
0.12369971443642891
-0.48898802236224786
-0.6593683094262505
0.4598072196967376
-2.0372123554220147
-0.018037706395531268
-0.018037706395531268
-0.04680173864491024
0.08802739466794997
-0.683510951489951
-0.5772502717949439
-0.8289774226167985
-0.1629991254646233
0.06528963672306687
-3.1525363239506032
0.00996983607764517
0.00996983607764517
0.7036330444340048
-0.1559356117154289
0.33035506873220793
-0.4313892170066526
0.06597530615897508
0.9684449110246343
-0.7427665851189575
-2.361409869988718
-0.032288049931948025
-0.032288049931948025
0.2090305267599318
0.12544446453092795
0.21891808270768043
-0.7472169565720269
-0.747188522968957
0.10655818797174009
-0.9653890278089179
-3.535378533618779
0.017747243160503117
0.017747243160503117
0.8861464756733216
-0.12409417019140587
0.8384003917093036
-0.35791288396520715
-0.3553449591824799
-0.026366820109457963
0.47279725851184445
-5.835326635545742
-0.0074303136647946594
-0.0074303136647946594
0.8734756421829516
0.7616299705606632
0.6427368029285374
0.7477023061835076
-0.884892283882939
-0.4173387845372772
-0.33278525315014146
-1.7190431717406551
-0.04999520663431576
-0.04999520663431576
-0.20125511067503124
0.12669316743279158
-0.5775145573165681
0.4737729179441599
-0.9840956077323569
-0.301567046990008
-0.4102684574009071
-3.612079084595749
0.00853627201055997
0.00853627201055997
0.302277401441964
-0.6534425682867905
0.6801142630967635
0.8703647810637851
0.3287899200812091
0.4034727269935467
-0.8764670028215177
-1.9781165886289709
-0.00014468157142238417
-0.00014468157142238417
-0.5319717562376863
-0.9664183896116892
-0.6866987317481117
-0.96741671052689
-0.29554288722888483
0.24000558357825086
0.12196641607131764
-3.2731603005665084
0.05288137267739674
0.05288137267739674
0.6479709158661118
-0.4437743702555664
0.6945724478795628
-0.8774748514462865
0.27893497303903814
0.06358180503119437
0.8323905766938928
-1.7418346854337599
-0.03054281217241023
-0.03054281217241023
-0.4541099275115311
-0.4984841645842011
-0.5014352586123673
0.6343344876838004
-0.7567192503399193
-0.5878429152790831
-0.6923424038445436
-2.416993598661873
0.001526552931462967
0.001526552931462967
0.7459989617034252
-0.454740467148214
-0.8895317900721579
0.9239159235088912
0.017111905402844806
-0.7540370195810283
-0.0607382785787982
-2.5974174442062807
-0.0375086010014238
-0.0375086010014238
-0.9696650499576576
0.5491828644514011
0.8461594429014607
0.10423524960375141
-0.6591316237950998
-0.23714037026544577
0.10848682144454133
-2.5423555762170587
-0.0392176460609127
-0.0392176460609127
-0.17217678700827624
0.7555039030779275
-0.1196615605442076
-0.3964460601043588
0.710865162225141
-0.5300650158866932
-0.4718843983168517
-2.977043284290031
0.01721712198956456
0.01721712198956456
-0.22763277541573482
0.508011209135682
-0.6454280963095814
0.9213327590718536
-0.4684006020977347
0.09213250686488192
0.4735003335310382
-4.534395854069101
0.06471601401870782
0.06471601401870782
1.0075934422004111
-0.7501642041490941
0.2224294616349722
0.6685378389054641
0.573946897288
0.013077844157546176
0.7163529504359106
-2.2324785502313027
-0.05584951718059594
-0.05584951718059594
-0.21908557529796002
0.716773175595859
-0.40541388783728877
0.3705290063710838
0.14829174756432317
-0.9492788054896002
-0.7912609251216287
-3.2420004424705224
0.035369611849646654
0.035369611849646654
0.26492139611453325
-0.24120851190377712
0.3510108543745451
-0.08582144050291401
0.49329471192419927
0.4642974177333604
-0.047119144363974394
-2.370539707991259
0.030657469852529335
0.030657469852529335
0.21977738144023698
-0.9402623392754932
-0.9329789215313352
0.30703386893945783
-0.5011213779867129
0.938590503036849
0.2302192753550954
-1.9503957203283029
-0.03297551564440721
-0.03297551564440721
-0.3561710553373607
0.47766738166710315
-0.9113833280238616
0.37739295539155704
-0.675503914853823
0.3202233476865078
-0.3173373090282171
-3.7200887145677077
-0.018815514728334027
-0.018815514728334027
0.24649470043314062
0.903414088183064
0.06355097131848275
-0.8062595710678231
0.6044380104847028
-0.4465345186559888
-0.08665063024177688
-3.045278523176218
0.033788053576853314
0.033788053576853314
-0.5091636771179396
-0.5663459732726546
0.4735262212189765
-0.08140078417789384
0.9042127395995555
0.05311133657648639
0.5476177382940159
-2.702527351942743
0.03013041604885385
0.03013041604885385
-0.09718497822787606
-0.42228533901295856
-0.6189349410461649
0.8132869799281546
0.6722592191925824
0.3610876339052936
-0.2886619481829967
-5.221052038094093
0.04505236303454838
0.04505236303454838
0.5192107287520058
0.8476111100220379
0.0594510002409823
0.08004517688475794
1.0409400028095055
0.03178183861868046
0.6545754183166862
-5.765101749962365
0.041144665383230285
0.041144665383230285
0.5671966159803911
0.6200002250696407
0.5330866121108468
0.626435746067179
0.9024514783386007
-0.21241934398448703
1.017701762907024
-4.275917218302178
0.02216632809457131
0.02216632809457131
0.6829798456284898
0.18656709993811885
-0.2604818354812176
0.6924115021828112
1.0215366186469124
0.26959173819242493
-0.5914501607629564
-2.7166956598915073
0.045954546977366
0.045954546977366
0.4458249308932725
-0.6486042279086707
-0.7891631818716507
-0.14304329662325996
-0.11915294794534355
0.09161202662716343
0.9899134574722073
-3.2650639938033517
0.03095806175737881
0.03095806175737881
-0.850564492270643
0.32234615413764817
-0.42542225753948915
-0.0957204473130482
0.6471203399899771
0.8974702805848075
0.3227111402114374
-2.7881668963051567
-0.023168956611799824
-0.023168956611799824
-0.2555240993311702
0.5937140905965116
0.7050275527539283
-0.9514648928832903
-0.47782529136691027
0.5830532898703915
-0.46399528993738254
-1.0637040456587943
-0.0004698866682319691
-0.0004698866682319691
1.1138255136065076
0.09591564741161249
-1.5528839578400955
-1.6347228294800835
-1.2231181465317136
2.450026764109576
0.5300751982981952
0.026033492895164573
0.7143226372046204
-6.369538488611403
0.7606370384414199
-1.424963825398495
1.1355341187489612
3.6566073904175185
1.1521089860010416
-3.2877664837872285
3.4535947272312804
-1.088144170579414
-2.228059982585091
-1.1854158390071146
-1.8253589024454868
-2.717399523166523
2.947601099414891
-0.36257548799295813
0.38237979085159024
-1.1003961964054543
-2.3988275785856046
-0.6485225518198006
-2.2415800503012737
3.362641435082164
1.120575069200608
1.6224922306899252
-1.308669951730681
-2.000497071474983
-1.052252600303428
-3.7689438131095954
-2.4446743873938868
-3.170320562192728
-2.025079822891003
2.8222467658787505
0.08054927555523375
-1.5255887224533744
0.789059725415953
-1.731794478811171
-4.814494901251854
-5.546702776716369
-4.278057577660782
1.621791670247312
0.5704072635546247
0.8395755911071556
-2.0411595749266196
-0.0004846621400932057
-0.0004846621400932057
3.638979085060331
-3.8796826908388073
2.333511655492385
2.027857494496138
-0.3132115100501418
-0.4396661628907614
1.3196133738519904
-0.5428824433935364
-0.3531509028858373
-2.0673983350889524
-3.2748894965211
1.6668009522392317
2.6331991158837527
-0.191650994955956
1.2387796943969522
0.19811781645285026
-0.4351932966328557
0.6989780954980266
-2.74953374917484
3.808447835570502
-2.8615229011518646
0.33527830944804954
1.5056913547447166
2.18083123579703
2.5204262930930756
2.296467416656469
-0.2604010702858526
-0.14741891750664313
-4.36427996422668
0.31663920678025187
2.407822406893212
-1.9244720326294358
-4.71589609976621
0.5260065293678594
2.5765793119244527
-3.1085422469305377
-3.4176402568144026
-0.4980435813644555
-0.6191836629448185
-2.4332790582599024
-0.7918224204759545
3.8889131508609274
-2.849834887942261
-6.802254294292002
0.12726950154426
-1.419131779169667
-2.754313519164284
-0.8738609209409167
-1.6080445159384358
4.674693169712998
-1.5250495069947438
-0.0004669529508436697
-0.0004669529508436697
1.9707003053360506
0.08557341617359035
-1.6818986965950549
-2.172988671467781
0.7875582572386116
2.6041699202294737
-0.5285532537587385
-1.9256615280708487
0.9600615242424057
-1.7038548255024513
1.679360898454017
-1.209643059016933
2.5268748561514216
1.8565344935257688
0.22714223945824613
-3.146839882949699
0.8268072905295868
-0.08383336892515546
-1.7737548625539996
-0.5441015505687777
0.08941895965029396
-0.10602803824175795
1.6928200339097543
-0.6513642848800123
1.1500628944881404
-0.9706417397774233
0.13334359990564618
-0.1604349222543029
-2.2238424788558713
1.1596551905201193
-0.8841163700927304
0.40275447062764974
-3.567948533235072
2.1880229546529195
-1.2449231330250583
-1.0937788970747426
-2.3300149516927564
-1.6683652394269282
-0.8126868285909112
-0.6639774356593277
-0.12170116689212308
-0.35658067065308524
0.45286712956712866
-2.301550614045091
-2.8115394306596775
-3.446028848361992
-3.9786938335267523
0.14916449222986908
-0.46778742418374814
1.6615470542669224
-1.9243563317299817
-0.0006038218380554594
-0.0006038218380554594
-1.3451667248240207
-0.6741705032411157
-1.110634898692451
-1.0971639683948777
1.5542292708121925
-0.2938940263931009
-1.9360098997279078
2.288713679790975
0.23891367815159262
-1.555692390448477
0.935763958047281
-0.35056163108632415
-0.2966522808279213
-0.8267448877046492
-0.26562901213386086
-0.2006525629048739
-1.7976112664089192
-0.2053665609578224
-0.8511350320635842
-0.15217075089169832
-0.5775688550452377
0.9744146258612022
0.2601996334471449
0.824840149642472
0.6812235962622248
0.9046710673358621
1.650904647253814
0.6552616833552752
0.4371387501839868
-0.08528735548252486
0.6336471722808346
0.38999725689148246
2.4141812174191513
-1.533579890256368
-2.172111597779606
-0.9530478360740817
0.5338584147690377
-0.7933634448018965
-0.5100573260832193
0.5267845509320521
-0.6042463535809031
-0.8003633970702208
-2.958073046930346
-1.202630737531159
-1.7280808865953154
-0.8623356341001704
-0.4568925742317402
-0.10209300551870157
-3.992822527856513
-1.0558866216653986
-1.4732078862867608
-0.00038439586487087494
-0.00038439586487087494
2.3200600329553986
2.8183394001156272
-3.7157670159463048
-2.173173560121038
-1.2151730879454523
4.0505002307146265
1.192414288657021
-3.2187560815293423
-0.6971032986358913
-4.400302816270898
4.074250030404648
-1.3854070400356524
1.8691964852912257
4.896809412321495
1.5522484827844667
-2.758729956559819
4.023462872912497
-2.248760673677141
0.2466988283592896
-2.781042555260334
0.5157305491371169
-2.615896344921954
2.6358776554202397
-3.293762690230339
0.5691274488845953
-4.440440155051464
-1.9772016902334661
1.3339081932188692
-2.916890468699107
2.0900275432087763
-1.5440725297727005
3.5198297365518108
-0.7273179080393175
0.7477006734356847
-2.5082130739233937
0.537173723450496
-3.815690727468723
-1.0987049883623028
-1.9573866773533304
2.7428331504236656
2.417287781599983
-2.1585936251291624
1.0240938987819834
-0.2221714077276818
-4.083316033714064
-5.683995530626112
-4.798081710328222
2.190255471241335
1.5059299428477801
-0.6259536277706059
-2.033057179219266
-0.0005595424004404973
-0.0005595424004404973
-0.42907611165385284
-2.1953543265942015
-2.214736688814475
-1.544900418418187
1.3052690681719954
-1.5236429036006256
-5.543177868722921
0.20363549097812075
1.0774826010424574
4.978643720745747
2.2182646507744486
1.3636611958904343
0.8767305909063859
-3.6347486547721783
-2.1243194225996755
0.08084473959662918
-5.363439737932309
-1.195656714051302
0.8017394512044249
-1.5982256987970223
3.769682700867219
4.163408125578481
-2.9034115921488026
-2.144559724923711
-0.4816079445262079
2.0757109059781427
3.5698990917173234
2.3304417129470525
3.165662614016992
-3.2603699971673152
-3.5951254087471636
1.3356585426017524
1.1232165754812007
4.6202799510487615
-2.396966108283518
2.7422483909496504
1.4348685079561316
1.2051439896856753
-1.4310731617003507
-2.8444908761205987
0.20297563028975854
-1.9857341930570815
-2.307375128800003
-1.5184990279181187
-0.488939720667292
2.210749511362021
0.9882907072496544
-4.31350809581562
-3.1749423154012595
-0.5306995860671969
-2.0313354820787373
-0.0003999476686729153
-0.0003999476686729153
3.6360949548656967
-2.322079996761
0.4696962812931111
3.6283900226753185
-0.05276295315941457
-3.0889291917957555
1.3727965871016745
0.4846424230684679
-2.7510457921389793
-3.1389561383484925
-1.86358547177989
0.7046949465530593
0.7806800784355636
1.0196101969601186
1.022798676735251
2.9350690044776346
-1.2923391358011107
-2.8822640741540586
-0.612379484114169
3.893565667014596
-1.3680458039352432
1.187797148554155
2.9801095682317107
-0.5301827355867602
1.7174881255268555
-0.5979163322554509
1.7840186656073713
2.513304829556378
-4.108556522964248
0.23097878945409722
-1.9906519033075132
0.9625569459143708
0.8376954204566593
-0.05243802854464105
0.8159777783566053
2.48269473762008
-3.154743447239109
1.7789663095140655
-2.6212112529940526
-1.0727018712042993
3.4012502535836364
1.9035105951081397
-5.39830885483211
-3.5714652238172224
-1.1963532949750484
-1.191970201054739
-1.7152537685238307
-0.4129781185073133
-1.7439407054162113
1.294004614002243
-1.945585861008051
-0.0005535702675598887
-0.0005535702675598887
-1.089583856262219
-0.4162241574819643
-1.7387016837000373
-0.9194400052693481
1.563094354501792
-1.735403603936275
-2.429756845060043
2.1074097786729307
-0.10746652911258424
-0.39813242040561364
1.3593419995555358
-0.13763930138348887
1.9658475956539765
-0.022423795681616815
0.04547479142656069
-0.0014565161236382252
-1.0373147576755009
-1.8636205475481793
-1.1414948532005762
-0.343635458862734
1.3643061079124628
1.5989050767639683
0.5310295627714187
0.25091748266856717
1.3610516730280502
1.6698089239611833
0.5624651298356795
2.084641738767168
1.3277932796432521
-0.04167378856400415
-0.3126854411886575
1.4312452906147655
2.810844511186847
-0.7964919122087949
-4.1476833498594825
0.02039326382897285
1.2999618801348793
-0.5776228072814514
-1.3829024478065652
1.2117826422063975
0.4590234312227446
-1.8674282903318515
-3.06025364750345
-1.8776315552228064
-2.0718036616720616
-1.0369812738711435
-2.045977762830178
1.0515345539759344
-4.47278328106688
-1.887902495381807
-1.4147534521053722
-0.000701205004065065
-0.000701205004065065
-0.9921834720437681
4.542378546741984
-3.336968221201312
0.3696711252339058
-0.2788328325076834
-1.2195258515725438
0.4952428652303969
-2.1482947603836
1.010454647995929
-0.19576417189237014
1.334006376799996
-1.070808919050386
-3.4657210572153025
-0.8225536337126695
-0.40464217251087453
-2.3470818171994994
0.7855611321548521
-1.232290365731924
1.5306981510814905
-2.2925362829822995
2.0151426989840684
-0.9735366349699666
-1.2417743755698623
-2.740892911369189
-2.3790730087521124
-3.4731308001102104
-0.42113652416287695
-1.280479250529544
0.9834429859347533
-0.5750633437244327
-2.2371213116189628
0.961681639664692
0.8237386432712491
0.18147557964138503
0.39779468304367127
-0.8768205223630539
0.624496620841933
0.8351728387954226
0.04518397649195792
-1.5949540291726043
-1.3669356206130097
-1.0250568719594706
2.413474585826764
2.745099255014606
0.3846048766606781
-0.11332401145507531
0.49992349321695234
-1.5449069254826189
1.152589420298024
-3.645582451609134
-1.4819726643419266
-0.0004966319764701413
-0.0004966319764701413
0.9094527474074819
3.2432677368741274
-1.640607734754684
-0.30325724655484276
-1.0219788361011937
0.03201579147835634
1.6309205855716147
-1.6856144636848138
-0.2928806717292157
-3.862031502961069
0.9098150950927871
-1.4657090939596347
-0.11532855629807133
2.3342752742262713
0.8701990005878825
-0.602280913038787
2.8339859885626244
-2.9167185017278214
1.0859738804807302
0.24313461619367266
0.3487726089318173
-2.183037408598255
1.6580878128492949
-2.2000353621480997
-0.06156419051402787
-4.448373074339564
-2.025052399110945
0.42995445935523596
-2.4322718313966165
0.7232662348079414
-2.251046443187693
0.9446681806924605
0.2942144824208449
-1.4524658826755499
1.1355432823885285
0.39669342446219297
-2.2290130655572993
1.0777428767691561
-1.3359559953609184
0.025711073734319873
1.3983268244872524
-0.5461009362752928
-0.5739849961618566
0.20413595298403558
-1.707347343337385
-2.109472522384627
-1.0618798141340904
0.8255888783121403
-0.11163022109689616
-2.1765522127422505
-2.004583612499165
-0.0006495922648740871
-0.0006495922648740871
0.01215463968449346
-0.23596719048339854
-0.3470566858272621
0.7505117437485239
0.5347518132305579
-1.0344137600536645
-0.26629953865644773
2.0101384182946918
2.192205526500713
-2.4396739040924325
-1.4145640625090576
-1.1780304690303474
-0.3039940095746063
-0.0753864758501689
0.563289482977842
-2.5831276275548056
0.2948576501544481
-0.2649830878230014
-2.12712837407551
1.2592355670824058
-0.5455308620456404
0.824914608985538
-0.6379056555169762
1.153420063259935
0.9468741085315268
0.3751713618383849
0.3704360882428166
-0.37215126859487024
-0.7313055884650551
0.4164993133097669
1.4595957681062792
-0.6722661324277177
0.6212045806994246
-3.189119137358102
-0.24962346918338996
-2.5445202349840046
0.23763822508434804
-0.08811620910422457
-0.23319178549936426
-0.16391279573553652
-1.6496037710948142
0.13258709255818002
0.039119778668776604
-1.512847329667136
0.08370431868614403
-1.5772188042411306
-0.9741119384106925
1.053562983745919
-2.035985195187285
-0.5440576608958019
-1.8114651545090903
-0.0005659892198932509
-0.0005659892198932509
0.3764308172173711
-0.4054940793345828
-1.0399190851856654
2.290767116991186
0.8391329517937695
-3.496335816732096
-0.029021784188963323
0.3753630562320082
-0.5206430348713404
1.0087122577136212
-1.7465184139209273
0.7412538614715397
-0.6273786926349283
-1.8129288132782042
-0.6684080891101225
1.6159438798730748
-2.504202011005167
-2.628835842319171
1.1397391785909976
1.9938051188452262
0.22125051050892164
1.667327368960431
-0.3886594699260006
-1.8739009391379038
0.4474621203399306
-0.034361048366662685
1.8434347404580977
0.8426487435425366
-1.5696320798879257
-2.4333992775857447
-2.7039393935453404
0.31880860993226884
1.852811165105569
-0.9993483833315635
1.9511366492468505
0.5643117201516522
-0.9058661883095405
2.832918001474111
-1.0817392349573434
-2.7238682315054255
-0.09841349168183645
1.456371420388295
-3.6446351342042167
-0.7721552514944252
1.2189210578659808
1.4158536098434384
0.6446064785093828
-0.8109420777720818
-2.449277400787857
-0.6850800623579976
-1.9583790663490772
-0.0007766261846806009
-0.0007766261846806009
-1.534776921619749
-0.9172674375856336
-0.6237640400406764
0.44428710839859303
1.0222785335963593
-2.517706951683469
-2.3881679983302035
-1.8376868058437223
3.195215568007681
4.148256593095607
-2.206048318530179
0.7744276010329137
-2.093745416830062
-4.182666830470464
-0.6406317129834828
-3.470353239800257
-1.658687365028676
1.0493690168961192
-0.10470558243163708
0.2267010191594542
1.7919262251033092
1.9013426348339986
-3.194022102811484
-0.09769126007726621
-0.9938290744083507
1.6672615265701103
0.8033748183923727
-2.676175743755934
1.8257536290403893
-2.2599227138421756
1.6456197146355842
-2.0107487810979485
-1.8110384553029089
1.949033643473063
3.5922824271417992
-2.4579746962325895
0.41049686263672963
2.769856047850524
0.7364564669348667
-6.598551420772916
-4.882508482406156
3.2277660553310605
0.04856488195299709
-2.315942067926872
4.234865585487988
4.414108002992867
3.274744040069931
-4.628877188040627
-1.702262921745809
0.639281761062372
-1.6558119439416568
-0.0006588010356947922
-0.0006588010356947922
-1.7362999882109693
0.3469014371697924
-2.327479943822133
-1.377053468378423
0.0636321069863169
0.5505018196382698
-0.6840029314943913
-0.4858992524548674
0.07174960467596796
0.637059803385567
2.040409887971185
-0.7255060631288429
-2.103676255526963
-0.2937157400433306
0.2725802672704135
-0.759006995226462
1.1107549919453932
0.32042441426470236
1.588362369809961
-3.5501041669295383
0.24850715909377435
-2.317774583423582
-1.027340897620361
-0.8710117166575948
-0.597957067909043
-2.8675746241374953
-1.0035828947706624
-0.5952864314861106
1.7117534916253672
-0.011412307062388627
-3.4610735582850984
-0.07642898310961943
-0.740490916501281
0.25962390316195955
-0.7496501147334153
1.0595614829057702
-0.80706173603162
0.23330436864376078
-0.5491854098948663
0.42827596417491415
-0.36290817273147885
-1.179046205285987
0.15649009686030602
1.770654923070641
-1.0803942355353606
-1.487393149246117
-0.19160560985520741
-0.8986321208170202
0.46498044166124985
-0.07377058857967264
-2.5670013500469664
-0.0010601911994146057
-0.0010601911994146057
-4.2367361783199895
-2.2073577283425223
3.0724967027604126
2.6964666427774855
-0.1631171486722015
-3.297616376087012
-0.7651262132910789
1.2138054671445964
-3.4523915908367186
1.8894843471073346
-2.642068045148622
1.9416920540235754
-4.706720061903235
-3.9855941089532094
-0.39869354054531014
4.7794453118462075
-2.9660384244616984
2.8716126496345487
2.2736204339616113
1.3093601468150369
-2.482215382702301
-2.2494619882657068
-3.342354703944705
3.3533043424897775
-0.9255318931552385
-2.1248162325228166
-0.11970562780175036
-2.3918156543123144
1.9101936353246696
-0.5576944773876892
-2.153151976939521
-3.372235835758438
-1.7449153806090028
-2.785662624199247
1.0259303634389518
0.19216445109274718
0.5975660510721874
-0.6368034845700496
2.339018811410878
-1.2499917482869187
-0.1769548189081583
1.2057825181692607
-1.0222488764695212
2.2395825235910856
2.6470207574686038
2.954662199875856
5.257664170506218
-1.6764599453271478
3.0046909265711723
0.3658406741896405
-1.7343070664681144
-0.0012168103198947232
-0.0012168103198947232
-3.470754725619411
0.6221676477451614
2.0035476936978203
-3.002597756260161
-0.796039936686014
0.34754178236327454
2.526479514263796
-2.6812033985546324
-1.3689728021765535
2.8427678801030902
-1.82536066934473
0.8103741102863619
-3.6078854442346318
-2.0947246384032776
-0.15180682306502447
0.5624707247288743
1.717833829000078
1.061033899938447
2.0915843041944937
-4.396190285508823
-0.3783341832958832
-3.0648143072924277
-2.4842640692101434
-0.7044277354657787
-3.47652818469062
-2.946358851099998
-2.730859818481807
-4.3245877253132745
1.9426274443935525
0.8583566074837299
-1.180138519673094
-2.0435220695888225
-3.4249389164272235
-1.0631728338547686
-1.5480148737925232
0.021196392600315205
0.6470151614603368
-3.2536797992670667
1.8198469676561915
2.5473507610463484
-1.2711023123055978
-1.6525635629514417
5.168826218339109
3.4984250420516116
0.9699915036880704
1.025317552446063
0.9028511976266397
-0.10707766142230533
5.390337321846737
-1.5259057064018682
-1.9336879560873217
0.009427198736603316
0.009427198736603316
-4.571043569193739
-2.8069261936352286
5.149900695395353
-2.0900065511236767
-1.056800097994591
-0.48402069499998557
2.7511353854703606
-1.933411242691682
-2.456362189616737
3.116742301420998
-4.809835665036476
0.5827480541075944
-2.6103957577930594
-2.656064405221366
-0.4491112851646319
-1.066471152492413
-1.3894787988866861
-0.3236448254256488
-0.26794843911943644
-2.6899806060342706
-1.5607541355684582
-1.9564326654392286
-2.6007352074757857
0.7734907464198754
-3.7951144403652823
0.830804189017675
-0.9404386875061854
-6.03543985414184
0.9990341036749221
-0.14126755133064914
4.598717656689848
-3.586464407539962
-0.5373773045172298
-4.410698348995942
-4.402087090759827
1.3745149689710552
6.402453440301386
-6.149971296812729
3.5876818032187594
2.6297291131601335
-4.069146958183417
-2.0802637725759388
3.3245372326560676
2.929435082202476
4.653810431212902
4.170297916235863
2.3653073407967318
4.110657474613478
3.215672408765726
-2.8516484180306976
3.311688164660894e-06
2.7445111199623035e-06
2.7445111199623035e-06
2.7445111199623035e-06
2.7445111199623035e-06
2.7445111199623035e-06
2.7445111199623035e-06
0.00021318527303085385
0.0003841692443341388
0.0005449673013868616
0.00029149534592564687
7.686394269098071e-06
0.0006420333771901082
0.0003697987085693935
0.0006560777782827226
0.0004045260950361434
0.00039112471256001915
0.0002459252550087126
6.940706921757463e-05
0.0004634313789253395
0.0002718346549776648
1.7160454739670386e-05
0.0005346427829370429
0.0003101503240819778
0.0010151047598993528
0.000277825789722577
0.00028579737998277904
0.00027161967206583475
0.0003640502485297229
0.00023532194535747005
0.0005953777818073773
0.00022816849912541185
0.0006238363015678547
7.147651106702605e-05
0.00038725176533247634
0.00045158741577769215
0.00012051488147196807
0.000682114946623022
0.00018521316186317213
0.0005459148519094557
0.0004359468530227858
0.0005239559742761773
0.0005817574758225504
0.0004944339811483309
0.00039050653102890357
0.000679447993369619
0.00045136168990215526
0.0005042728071606278
0.00028255927511504955
0.0005773092703294684
0.0006484798045285381
0.0004121863281764116
0.00042759768475188913
0.00046742176665991663
0.00046159553747293007
0.0004487569225303155
0.0003932252870271706
0.00021318527303085385
0.0003841692443341388
0.0005449673013868616
0.00029149534592564687
7.686394269098071e-06
0.0006420333771901082
0.0003697987085693935
0.0006560777782827226
0.0004045260950361434
0.00039112471256001915
0.0002459252550087126
6.940706921757463e-05
0.0004634313789253395
0.0002718346549776648
1.7160454739670386e-05
0.0005346427829370429
0.0003101503240819778
0.0010151047598993528
0.000277825789722577
0.00028579737998277904
0.00027161967206583475
0.0003640502485297229
0.00023532194535747005
0.0005953777818073773
0.00022816849912541185
0.0006238363015678547
7.147651106702605e-05
0.00038725176533247634
0.00045158741577769215
0.00012051488147196807
0.000682114946623022
0.00018521316186317213
0.0005459148519094557
0.0004359468530227858
0.0005239559742761773
0.0005817574758225504
0.0004944339811483309
0.00039050653102890357
0.000679447993369619
0.00045136168990215526
0.0005042728071606278
0.00028255927511504955
0.0005773092703294684
0.0006484798045285381
0.0004121863281764116
0.00042759768475188913
0.00046742176665991663
0.00046159553747293007
0.0004487569225303155
0.0003932252870271706
-0.04085971028104079
-0.04214453392114832
-0.04060460442118867
-0.05250624678743125
-0.033425727380076084
-0.048655860907869324
-0.0347780581454709
-0.04813654500520772
-0.06097434817957087
-0.04318538925827315
-0.05648628390209453
-0.04921645390376095
-0.0675327117113566
-0.05728704658215583
-0.09219053907953093
-0.10580959303432376
0.8197564118785492
