7
17
0
150
0.036907903413999604
-0.010574335621850544
-0.010574335621850544
-0.49132262120483305
0.3991991029551197
0.4787872954892786
0.3874663002344319
-0.2150033706208832
0.29230433858158916
-0.9553134474636871
-0.02363560559451097
0.0020173035296809946
0.0020173035296809946
0.4787074878429205
-0.21161802188942935
0.13414458107453786
0.037365552756817834
-0.8428026504675025
0.636039373241071
-0.6493180288569314
-0.02615202809435447
9.00784340276806e-05
9.00784340276806e-05
-0.4405921585116059
0.9215734616882233
-0.20077751107405736
-0.5032895336567305
-0.8996517035453373
-0.551922287805172
0.39846846860973706
0.022380818454295903
-0.0009786839788154967
-0.0009786839788154967
0.055002723161473664
-0.17138783878303096
-0.91685542698382
-0.8284575324966053
-0.24923218516956167
0.31424682476993293
0.2029909554639499
-0.029424124673014387
0.011421922101178022
0.011421922101178022
-0.8113222627997877
-0.42674298578705844
-0.9809773692179213
-0.13329976320831063
-0.5350535456100308
0.6889441023035878
0.6807473146832995
0.01314941054539144
0.022981693051816986
0.022981693051816986
0.8399993365157693
-0.8766459593317067
0.6123460763390558
-0.8149822523358639
-0.2706806881058425
0.5095825274745382
0.303862879134908
0.04110608890544347
0.009374813295904335
0.009374813295904335
0.2598362896048659
-0.3718161592806394
-0.29858809081484533
-0.2691303890211263
0.5872384039750426
0.4812004803638264
-0.0487519147171783
-0.14045586976359584
-0.03175319631759488
-0.03175319631759488
0.568707434551658
0.21011212587280054
-0.7210578957874865
0.8668016781784587
-0.5153730156547892
-0.7897887895901476
-0.3858409772331539
-0.07020084720244092
-0.019467391785983248
-0.019467391785983248
-0.3775295472064523
-0.2926254615229066
-0.6748169662990816
-0.1871934755994232
0.700200254224619
-0.41424797516565315
-0.8020114455087161
-0.006312633044468226
-0.021615693699379407
-0.021615693699379407
-0.16971787672660021
0.7919410193774423
-0.6451517066175435
0.2587943803255743
-0.4483669888135302
0.3470219138695702
0.007423029667828225
0.03061920594859236
0.009101306507844744
0.009101306507844744
-0.7106206982959301
-0.9764546484675791
0.749466130025124
-0.05295290364652621
0.30350982530672066
-0.9837367162234449
-0.1351128876442478
-0.06852870023978026
-0.003978171726399418
-0.003978171726399418
0.13325262944059083
-0.8110866952260276
-0.8036517488120378
0.19177927205652176
0.101854194599915
-0.711319329869013
-0.6602281840745611
-0.05081480437905242
-0.029503905664673216
-0.029503905664673216
0.2871353626052353
0.5752873664634262
-0.4016961371261489
-0.26398222330577614
0.0014255895723858294
-0.9075307395558613
-0.10901580450815634
-0.11898578303920612
-0.023896094880836063
-0.023896094880836063
-0.990152558499216
0.9152025725040611
0.5235469443009851
0.6377150758430409
-0.8041778020371981
0.8993200773639133
-0.6274245942692537
-0.019441440132290506
0.006890730483944819
0.006890730483944819
0.9793026778834301
-0.1160075595926424
0.7837927561714605
0.9132392975770952
-0.39787662961768344
-0.5603059301550147
-0.4009594717471966
-0.01864895984471694
0.015556485085061498
0.015556485085061498
-0.8790976421263359
0.15621869943560332
-0.9676522547041968
-0.10308775322210897
0.8527454333880926
0.587528174681342
0.25168625547363466
-0.034852072343829345
0.004992730970520732
0.004992730970520732
0.9494037703019037
-0.23683968520522694
-0.3222120867711234
0.3167567927476148
-0.8819602659931333
0.7532119386994467
-0.818536731596538
0.02049774626515468
0.010416962797424786
0.010416962797424786
0.9566477003885423
-0.21079563134765045
-0.9451716855441158
-0.5983959859745677
0.8426044258708559
-0.20197835547554463
0.8969910801725585
0.002112642201308402
-0.006546464690108972
-0.006546464690108972
-0.3382519041957039
0.5792188755977227
-0.18229553005483706
-0.42964827377803777
0.38066927257626954
-0.146333091311864
0.44184212493938635
-0.05123368493425316
-0.0071495688873138025
-0.0071495688873138025
-0.063979687229257
0.6618715946568663
0.09575060517575718
-0.6879016844395581
-0.03611745863957824
0.781763369576483
0.6388958173061957
-0.00135936012585779
-0.0119931761345707
-0.0119931761345707
0.39370938435658354
-0.4013135318200846
-0.059494988674125435
0.2612474445899241
-0.9881291353870363
-0.5205359423338299
-0.8024394775411151
-0.01066899019388732
0.0018043348227642455
0.0018043348227642455
0.11364914261377745
-0.07334876679802249
0.7556126256689157
-0.9713671150236136
0.9180727087687092
0.3157280769425665
-0.3033490506932435
0.08268674517854101
0.0033287412761790897
0.0033287412761790897
0.30688666084156857
0.9431752666149215
-0.5838340791126876
-0.9023462879057794
-0.9831872442306601
-0.8174639074820398
0.6002083437776693
-0.008055625895278286
-0.005668467587312185
-0.005668467587312185
-0.12151354830933206
0.2423059618676617
0.28226636170093417
-0.5348128480645595
0.8088560569478404
-0.25346063395147234
0.5802212483206565
0.00951011220106568
0.016844637711899372
0.016844637711899372
0.6794796719580157
-0.6659168218080158
0.16548656227390346
-0.28110646590250465
-0.007515935696025193
-0.6877084704142127
0.4517599920625384
-0.05663331615346434
0.005005483491772214
0.005005483491772214
0.1756650278706816
0.8427240886079058
0.040152194652609746
0.3678594676003014
0.5078580671793106
0.17594285343763963
-0.8833974927143746
0.0030117164467678035
0.00801947055807244
0.00801947055807244
0.4558677950852182
0.8793068630156362
0.07291179340929223
-0.8576919712858191
-0.0327607002574335
0.12178774150048241
0.8768085231026451
0.05238994040849468
-0.016237846654630444
-0.016237846654630444
-0.4441549607472261
-0.41767938621204126
0.15951578436690483
0.09443591171879061
-0.8841916595204441
0.7489735558005571
-0.7821948289059768
-0.049063561159352606
-0.02787842802281449
-0.02787842802281449
-0.2096517568535713
0.44138121786876994
-0.8039180819558741
0.502630047259761
0.7632995874374087
-0.4743709181064331
-0.7838863371269374
-0.06857691708372807
0.0019025813966461087
0.0019025813966461087
0.7566081238031552
0.18736988502900367
-0.14258160222216015
0.5015872465698387
-0.8317318949562554
-0.9316581108408711
0.6814592446360369
-0.016877891753182238
0.01666971554025589
0.01666971554025589
-0.13701447265979272
0.6231912365903103
-0.973451338474523
0.8713670080067168
0.5796197613230867
-0.3012151123798423
0.16373367209108816
-0.027183933303515907
0.0003450575808619033
0.0003450575808619033
-0.06982773749241043
0.4589948156347465
-0.9785377151064412
-0.0998849022168039
-0.6999466615522459
-0.6563855340599024
0.1922182376548616
-0.060966289609713745
-0.018794773417958467
-0.018794773417958467
0.44811401526831995
-0.9593514146826182
-0.6833630629833124
0.32135641784057617
0.472323050170976
-0.6621416866411404
0.08503416304574592
0.005458475183897207
0.0063223785938563495
0.0063223785938563495
0.9912202642401592
0.4615931944630827
0.15524655020939743
0.30227488379276823
-0.8522143946126521
0.7487692431607281
-0.2706986144613314
-0.011723112214356707
-0.005044027053860967
-0.005044027053860967
0.9742434610216628
-0.27953902784850854
-0.14910877990078916
0.5862100530669544
-0.16674011326317417
-0.34567611321387254
0.7298080049102543
-0.001499155276618102
0.011059638577994586
0.011059638577994586
-0.962388255112479
0.38776956170362625
0.5688909829993507
0.16082618044374686
0.3961573149654062
-0.36725555223073275
-0.06632774758630602
-0.06895794438732548
-0.01698320129351275
-0.01698320129351275
-0.16173533467112064
-0.5016451958634044
0.6973072092809676
-0.08559477576250331
0.3771453212995847
0.7186648652857327
-0.7964568035943412
-0.02075757236935518
-0.0021431870561969177
-0.0021431870561969177
0.6786011283856377
0.9273381951048385
0.061654714819026804
0.8098259990772388
-0.24175450959225694
-0.20367931273442672
0.8328369365866621
-0.07458032278995809
-0.014831233300981867
-0.014831233300981867
0.8537782499108346
0.02769585597712158
-0.5001337253608539
0.39165096798011634
-0.7849728848433261
0.9886544684672739
-0.9049261188116897
-0.02097146101411509
-3.0305620690619408e-05
-3.0305620690619408e-05
0.17887627455426658
-0.2361400742326588
0.03599680528222244
0.7505322938292095
0.6159861805822874
1.0286975041349526
1.007961211619219
-0.0282925230547187
0.009725068035404964
0.009725068035404964
-0.19079313971030898
-0.8011654692488396
-0.500471483984257
0.4633976364692336
-0.8111431949838077
0.45403337390447307
0.8561811539258536
-0.03502706676539809
-0.011805518414933547
-0.011805518414933547
-0.2426228890345959
0.6139901187593246
-0.829089723606643
0.031881881224887255
-0.8485159634541061
0.18685956520911234
-0.3857828987359261
-0.0060737962783463245
0.004687452014721545
0.004687452014721545
-0.505274622650892
-0.42027990170433016
-0.8265082072292054
0.8462270860862837
0.9930857766908865
-0.43322643110754144
0.31588477468024734
-0.03823226895978222
0.0065204483228961186
0.0065204483228961186
0.1708753530173397
-0.740330642553573
-0.03355985858683892
0.7392506200582452
0.32987412092722396
0.07202181337894617
0.04329532043768627
0.0368738833888024
0.02553478157822039
0.02553478157822039
0.1425932438505293
-0.853941144833301
-0.6652329603691133
0.5832098611875294
0.7877655879885062
-0.7763424633056466
0.31050032583259185
0.03413490839001308
0.023963007968171933
0.023963007968171933
-0.473416155516457
-0.8141676868373653
0.5729130698812365
0.6159467954418374
-0.4025135980846606
0.28507281686091457
0.4532798435460161
-0.10264068937529364
-0.017864754243317453
-0.017864754243317453
-0.9362038443355578
-0.238181693530561
0.4053489419829508
0.3675139592021566
-0.4301791029158021
-0.6871442717972885
-0.6765790339107064
0.05256573065797808
-0.0031199086833455705
-0.0031199086833455705
-0.25017171073967215
0.8445668237094326
0.8540751851682505
0.5284305455925011
0.5609906482896146
-0.015106496334546731
0.5112445755398911
0.048562913358535534
0.03200742541069462
0.03200742541069462
0.8000108720470779
-0.9937174071246638
-0.7523277990160195
0.3814091133579529
-0.552800489051647
-0.29524067875857124
0.6492803623647838
-0.05237295054868885
-0.0054674722037733325
-0.0054674722037733325
-0.4475479293367761
0.9614110341378329
-0.18489755223516693
0.49113436327320426
0.8761362397338847
-0.23339876748262273
0.960459924052862
0.05565965568974282
0.025299298271979097
0.025299298271979097
-0.6784163344978524
-0.7879420376764196
-0.11815153400806337
-0.9838240367052552
0.6212347492913687
0.7796635643109568
-0.31531848181838706
-0.006888526319327723
0.005215591816832163
0.005215591816832163
0.2577033914527405
-0.2938217758933292
-0.22057205266752794
0.993465293702469
0.07175730068353203
0.572783859458869
0.4189942612140065
0.058538941213664056
0.012466115956314866
0.012466115956314866
0.1308707329300166
0.42637831178030905
0.22451824263408313
-0.20258594051011733
-0.16762339288134245
0.4705956516994563
-0.31533339944399724
-0.05901012511695482
-0.029068245624716348
-0.029068245624716348
0.27850689356875946
-0.44958230093312385
0.10085438094799726
-0.9833465096900957
0.03177629580031104
-0.14658435269569764
0.005515791237754817
-0.04238797896058844
0.0021700652965766436
0.0021700652965766436
-0.22595921263874622
-0.8642251890676823
-0.3275235708895718
0.742894134720386
0.4393653679558252
-0.35604534961955336
-0.9368570315374594
-0.03271692336459765
0.0037894917302259195
0.0037894917302259195
0.703317585133654
0.11491597658007817
0.4747317668632244
0.5103393281973494
-0.467290340023406
-0.3877417690605145
0.058030557059195007
0.004698558333735304
0.002125750979475974
0.002125750979475974
0.9801935877230653
0.5738032842983565
0.262697946321018
0.24974228631389306
0.7918498267436586
0.2116731482103354
0.8265405800005697
-0.008053525267244142
-0.0070112095750480465
-0.0070112095750480465
-0.005946936573399724
-0.2835733781536833
-0.42679092169083
0.20706216235302058
-0.28133780642842676
-0.4861938721951615
-0.2978147664690416
-0.04754616603988565
0.004418873257340166
0.004418873257340166
-0.48659540773032034
0.591259918541209
0.39701214991868466
-0.17131942303123268
0.4719459858843607
0.047082025163887195
0.8820308979512398
0.017327970614004155
0.003038933796733319
0.003038933796733319
0.9937236690391594
-0.25176185661834416
0.6905699887800888
-0.5689846745625271
0.5718260160012439
-0.6386238770271448
-0.8541612369169075
-0.009950370954379275
0.00413098597912521
0.00413098597912521
0.4107193729060514
-0.11756485443366414
-0.8183592486024674
-0.5567397030221887
-0.31161176422268716
0.9719904094192537
-0.5379230503744987
-0.03896013800784987
0.005651073860597583
0.005651073860597583
-0.9332126229228399
0.9799959534355255
0.8352777085471199
0.6263509582463856
0.7593826890531205
0.5340148163536713
-0.1781343255743862
0.017304669070617756
0.006374751945631212
0.006374751945631212
-0.2303957456312904
-0.9345874324382307
0.09962611700788977
-0.43849723052782974
0.4336054519109131
0.02260773211902763
0.7248101670918259
0.01453138459575799
-0.002920628595360612
-0.002920628595360612
0.9884295351423164
0.39560386706616985
0.595407233350584
-0.876896308859156
0.7795887276274425
-0.4645702850458069
0.772121369405639
-0.0010295727302691892
-0.0028381693302516895
-0.0028381693302516895
-0.4338141484474773
-0.7274750207411301
-0.17689236977155498
-0.15670908855902224
0.20698093857720912
-0.25928182319945303
0.00798088335328582
0.04259679577356108
-0.01823138316380156
-0.01823138316380156
0.14820021455455124
0.438883415991164
0.5232061836877252
-0.9449790438087795
-0.17129062069561204
0.6975180972010988
-0.7386433667709514
-0.036661459341571924
0.0015850390243550396
0.0015850390243550396
-0.7046331366303732
-0.6450796093477982
-0.7646634422596682
0.291194648576017
-0.6410379906816377
0.9881917656598431
-0.47201937566556146
-0.013278515931504663
0.010930348158377193
0.010930348158377193
-0.18699270279914137
-0.1285728369722069
0.9150922489690769
-0.4055527371409071
0.42564970406513064
0.9344280229796808
0.006402825506052933
-0.09502060992328465
-0.022289227867340788
-0.022289227867340788
-0.543073587783035
-0.2832123064356449
-0.17047849015309452
-0.6250291733889831
0.7453663385123064
-0.3140450450010658
-0.975438742989781
-0.021639037083183592
-0.00896077002690216
-0.00896077002690216
0.20756332672963532
-0.05815431968606165
0.7162550826207174
-0.8123197616486141
0.18424459156114334
0.3015765724993575
-0.014545848518346076
-0.002345289719653086
-0.013822730415776422
-0.013822730415776422
-0.42958508802387707
-0.36955415564724
0.15844224236896765
0.8855604894308958
0.09049453877317587
0.9381486330337927
-0.9782947403811522
-0.12399016939534957
-0.02393932547103051
-0.02393932547103051
0.4449568144568634
0.4505000119635598
-0.7993667520031361
0.9020290746896437
-0.2711424355451572
-0.8903417353789816
-0.16289392170195321
-0.04234346985365112
-0.006634429925015553
-0.006634429925015553
-0.3687182541083884
0.4326716061338144
0.7071090519949181
-0.8139443817467209
0.8380641895701706
-0.9034587136865736
0.4340207840301666
0.057037451678432084
0.0017269404262805032
0.0017269404262805032
-0.16462089761819682
0.3315475207282412
0.03301304474569747
-0.6230849149407306
-0.5959651845392896
-0.42565136748259136
-0.8882288138989414
0.1184615974620685
-0.023144935219659997
-0.023144935219659997
0.6896626419647514
-0.6232092403104486
0.4478884254149864
0.7072231956670927
-0.7052605739995181
-0.9536905851693086
0.07909011592342136
-0.024712223322229103
0.00707931395949713
0.00707931395949713
-0.5781371264455015
-0.6731379937355243
0.4662841833953779
0.6073115242948397
-0.5934231732793619
0.8100709132522385
0.5458098890842218
0.04060536978424286
0.006280497105139232
0.006280497105139232
1.00772031650327
0.12177014068081117
0.9866543917274161
0.25968445355695086
0.08058262599386946
0.6660127428529355
-0.9105583824374595
-0.03455417253067575
-0.014602123089150435
-0.014602123089150435
-0.2727981462113075
0.5975603533338989
-0.7720805823188948
0.18859075328569969
0.3672143342500201
-0.05862605587686122
-0.5281050487777573
-0.04207957660698265
-0.021654157193546596
-0.021654157193546596
-0.7707001932130996
0.41531279292595596
-0.8693541261387451
0.8948808830520614
-0.6739964104327963
-0.0824415410898644
-0.4708564207234778
-0.10894390232462221
-0.02889797701919818
-0.02889797701919818
-0.9460034262233715
0.8912937066003136
0.8647959009295458
0.18788065567312764
-0.21596487299034436
-0.6625627798368743
-0.7144644388538146
-0.0017275436172423265
-0.008874478626449092
-0.008874478626449092
-0.07890124700580399
0.8187779173908624
0.3428867134178971
-0.733332168433199
-0.40216270651433295
0.6850346297412332
-0.9581416991578144
0.022420152922717956
0.01779625268672285
0.01779625268672285
0.675808272122433
-0.6832963452225842
0.2520087299251249
-0.6652492500307278
-0.37796623220511216
0.9265348957969126
-0.2868161717691012
0.045231788619494784
0.012711848173733185
0.012711848173733185
0.20001981625626278
0.3564863127324649
-0.1871789125251486
-0.6237051452671157
0.554546551311191
0.91308682380978
0.031923409707771855
0.04958304264807871
0.007724372554308047
0.007724372554308047
0.039854376407979134
-0.4045647973138563
0.548768877276389
0.679956113742764
0.46341733868256785
-0.638915433636936
-0.5449279647477044
-0.06191550517184379
-0.006900845450397382
-0.006900845450397382
0.6920130576085897
0.795635221912478
0.8343023288210742
0.4669523939570813
0.05356533995248342
-0.7077117632649885
-0.8693022311999948
-0.1109590834318138
-0.025282865496728466
-0.025282865496728466
-0.2888847175327011
-0.9818645152664971
0.8828126656065673
0.9177366182165604
0.28543831970640815
-0.5068636625213709
-0.9374215234653908
-0.001692449031939573
-0.006069708442206957
-0.006069708442206957
-0.9200904679393205
0.9009399543638865
-0.17982710216364883
-0.140639823580341
-0.7066230195451605
-0.5310671673106266
-0.33818674575251767
0.024909122825060425
0.01765496618518203
0.01765496618518203
-0.2933653111245321
-0.32553465140439347
0.6241594460478718
-0.23508956249138083
-0.6022050979565481
0.8698385387773602
-0.7588707629395004
-0.03278581846056904
0.0006024907950488534
0.0006024907950488534
0.35558294473991975
0.3969616914396779
0.8989760590043326
-0.7527544201680187
0.5983990773762534
-0.6409550171666331
0.3589943073349907
0.03312248987277196
0.0012311530735265347
0.0012311530735265347
0.4056699241306949
0.39837463114016775
0.3855757654699886
-0.4771251685671684
0.8571351637572963
0.009100509616393712
0.6902341802229348
-0.058851446362743254
0.011511466454971338
0.011511466454971338
-0.9679413105058804
-0.2801612126826744
-0.7076485301814806
-0.21251991381024676
0.9998904091070507
0.5911326095614511
-0.5467318826130873
-0.005055873706026868
-0.011756206040090353
-0.011756206040090353
-0.7753707633731984
-0.8609611241038995
-0.23954988637291094
0.17037800338033635
-0.04464987246733586
-0.6822675990832376
-0.0451964275519218
0.020054950203500954
0.013729951537066982
0.013729951537066982
0.8710383475706854
-0.1269530516339746
0.1788493882006974
0.6925799243569387
0.26118040561094813
0.13402034520081246
-0.5194016498213728
-0.07690206015713696
-0.031002948164599177
-0.031002948164599177
0.7723667348447077
-0.9306947518437385
-0.36615972927993307
0.6923645662095017
-0.8513957479307467
-0.8002229832046078
-0.8808197784334942
0.06859918468931983
-2.462430409082474e-05
-2.462430409082474e-05
0.6942476695210118
0.752894046303432
-0.34322995972283327
-0.8189274427371611
0.18637791578686805
0.6454045662631527
-0.49572501001175073
-0.06348677435044456
0.01605692300407089
0.01605692300407089
-0.052515197272190145
-0.9799595341174594
-0.008331745056152747
-0.5980804281259193
-0.04419305398574446
-0.8881489278863111
-0.07030478302442429
-0.01204630735918749
-0.00022641112940442355
-0.00022641112940442355
-0.48800305023798446
0.3903298272300958
-0.4898638207039063
-0.1942882425214664
-0.02585927850082961
-0.21117067630438582
-0.8404313014800203
0.02696870291803398
0.00455763636300057
0.00455763636300057
-0.44931156529252153
0.06333174022767367
0.4728270927658159
-0.8502749115318311
-0.5720902921403013
-0.8322872621367363
0.13268073817845658
0.1561081187839396
0.007490181326621229
0.007490181326621229
0.36327945687877566
0.432097421659522
-0.8427914899905897
-0.21853953729726336
0.4080840464599711
0.3820244342977182
0.263931892103057
-0.008778737598257513
-0.00020359631339006987
-0.00020359631339006987
-0.9560347360479651
-0.7434912642376932
0.313018154865471
0.8756635416777926
-0.03401437612391084
0.8518897960129179
-0.29873568760926006
-0.12386463519542855
-0.027301710644197823
-0.027301710644197823
-0.24301941460143922
-0.37424723070781146
0.7356329206326472
0.946953634087253
-0.13474510150982527
-0.3742311760865308
-0.3090969509349848
0.03867181651243935
0.029767551725724546
0.029767551725724546
0.5846310647380105
-0.9667782072340773
-0.6555529865754982
-0.5929183155762492
-0.024633083742651673
0.6783896755822467
0.2482758727739667
-0.036887215904977816
0.005888725262981724
0.005888725262981724
0.12731878440439948
0.12864232687669955
-0.6860758579511455
-0.3574894691228729
-0.5250964513443522
0.7051634999536838
-0.6308779079240813
0.04792794425892309
0.009489608969924783
0.009489608969924783
-0.1477608701208247
-0.15946498952960153
-0.5816386567491681
-0.4247389968575846
-0.006574305141970297
1.0049723598506333
-0.6022884736761888
-0.004809165965802534
-1.0960029774012147e-05
-1.0960029774012147e-05
-0.5349655065406316
-0.9427774346892785
-0.6151100007430886
-0.8892252970659269
-0.6467563627097559
-0.5763866368199828
0.23231915786829582
0.04814136883483349
-0.02000410496788075
-0.02000410496788075
-0.34210450914308066
0.8456788250119066
-0.5072009416412652
-0.570794869847821
0.4628275699487989
0.9127168438500121
-0.6948864986584407
-0.015845662703281402
0.0021237559287456604
0.0021237559287456604
0.1440553175701747
0.032009909777413366
0.9356584705884007
-0.2642993339897493
-0.96546139084957
-0.3182635647050334
0.596113243746692
0.26650351832989244
-0.005878546443740391
-0.005878546443740391
-0.16640752250625634
0.8397086808436156
0.04745043674713368
-0.6594267871404557
0.17657428917895523
0.15896314318483587
-0.7082566831552971
-0.07332057437086895
-0.01975804189188082
-0.01975804189188082
0.32626756963955117
0.452520036646011
0.5096540935459923
-0.33665879678368626
0.13421751046857272
-0.7693166225511543
-0.026447205302505123
-0.0009505019037055441
0.0009756520494141362
0.0009756520494141362
-0.3780768850040439
-0.7639557846379041
0.9693893968942375
0.39791059322184574
0.6283733847508957
0.23633806121359976
0.8251021652464546
-0.032568530725996324
0.010651310717132849
0.010651310717132849
0.8269601643577991
-0.7919599441657222
0.6439932710774522
0.04146089332574858
0.6157233252491268
-0.7627088260248445
-0.204793260834917
-0.02440988828752107
-0.010018509667555815
-0.010018509667555815
-0.38811397048829505
0.15037646317487877
0.7862140409706428
-0.2421416254156636
0.572243680160404
0.2026588458929338
-0.7152310003776245
-0.06996556972671139
-0.01636181556508099
-0.01636181556508099
0.10497782626091454
0.43445993616202366
0.6091305270168899
0.19261774578183355
-0.43968962047100624
-0.9298538012580227
-0.7774733638962593
-0.06824371636197903
-0.007506291612182055
-0.007506291612182055
0.40354539314340976
-0.3437787520532698
-0.3302498000755149
-0.8630631331323594
-0.8147859225333328
0.6171104300912278
-0.43789118370815805
-0.0063027216416658705
0.02462082708776414
0.02462082708776414
-0.43596775747491395
-0.4464300698093521
0.049467009931670254
0.08995273990992719
0.520747298675965
0.7777622674899498
0.23913495406637117
-0.0792312314793305
-0.02749037678215938
-0.02749037678215938
-0.14701351213523178
-0.7461835837259484
-0.8940454349534909
-0.5748103072182699
-0.4976049213503814
-0.9062521757778886
-0.0059368446800446995
-0.029375645986765883
-0.010761644382214375
-0.010761644382214375
-0.61457667165465
0.2548955282218467
-0.8540990157827516
-0.0025383694388017653
0.95980456756606
-0.5690689395835599
-0.9973280541529804
0.0796809511853645
-0.023661450190236216
-0.023661450190236216
-0.43599384851562273
-0.18136509359651498
-0.9994892951636094
-0.7682890285677517
-0.9734930680124653
0.39533661397995873
0.2841740458586064
-0.04241210776153806
-0.01999294583767435
-0.01999294583767435
-0.38430326948907667
0.8421404516534594
0.5996271577504165
-0.3045787371246972
0.014610780798364887
-0.9794251719824193
0.30992639169461406
0.011338287837946437
-0.021694988559371298
-0.021694988559371298
0.019650183868092433
0.4338035141031235
-0.8384503133609696
-0.10290264361296438
0.9132235627657868
-0.8367831205673213
-0.3086188328440259
0.08780223715098677
0.01748981050167193
0.01748981050167193
-0.49928832605881296
-0.02242506705752402
-0.05054685717556229
0.46188982308309917
0.3563579714213285
-0.004400536910929412
-0.0005505848770324153
-0.03880849452859861
-0.00459577982304633
-0.00459577982304633
0.47294842080401517
-0.7567272561175512
0.6894925538284205
0.7539966740204084
0.9129407763289988
0.32371385836814753
-0.7260710199192816
0.03609393739379939
-0.0008163610641506265
-0.0008163610641506265
0.08789361211928588
-0.009432787004698774
-0.29938509303622396
0.3945727312153353
-0.37073962588795983
0.3371761222917225
-0.4262718798724374
0.0037950835843647028
0.004038743916680568
0.004038743916680568
-0.7871358528236054
0.622713092776677
0.3702306088595105
-0.07256685069664814
0.025880594379375767
-0.7651202888550707
0.21659394128411963
0.05797678835280221
0.0013496038458400317
0.0013496038458400317
0.9046989978762302
0.2821977344753261
0.7791005844011494
0.8140615627132654
-0.21353774646649393
-0.18480571542663032
0.6665576521123381
0.07516382295507505
0.011041120206458171
0.011041120206458171
-0.22002214863760353
0.8686460000612846
0.9307112643781303
-0.9875030930990797
0.8831113031229677
0.34842454345639085
-0.11065416700048573
-0.006814790990470134
-0.0022114507538038217
-0.0022114507538038217
-0.059265706508875034
0.6931786636318222
-0.5296020169471994
0.279602634717764
0.9991918230580018
0.12705358924888752
0.9728579424771389
0.1061411066001601
-0.010782284465824268
-0.010782284465824268
0.15174172101451613
-0.35029120401373265
-0.12079394527795458
0.4399674002224164
-0.6857951355855652
-0.7871323194634632
-0.3837210683197544
-0.02594198466727376
-0.01197238919437632
-0.01197238919437632
0.8728384807181399
0.46523278963349696
-0.7803693237959497
-0.4703531376929
-0.32396411904090183
-0.32826379168605024
0.09086006579732141
0.017257884399544454
0.008786755198620561
0.008786755198620561
0.3087989285932112
-0.44199654706639796
0.784016465004407
-0.08625718107403431
0.8460845598617864
-0.4517892002652474
-0.5667593763283052
-0.09678145394541444
-0.02688595224083888
-0.02688595224083888
-0.21744334389181041
-0.9049583769978546
-0.4265619164795553
-0.4367229571880402
-0.8007825664969084
0.2881285575979799
-0.35083082166147533
-0.0012031772376714257
-0.012767115356645901
-0.012767115356645901
0.14307038290878754
-0.817317364437544
0.9477638662694238
-0.19529152290510024
0.45876773958651407
-0.5756651061490109
-0.12556057853746222
-0.027885135331970203
-0.026067557137985482
-0.026067557137985482
-0.33718071272585504
-0.13957099511603532
-0.9887166072540599
0.3649255837519727
0.0055671547167170906
-0.6722447580503204
-0.033601550254492685
-0.0005416145167770336
0.012452838947578732
0.012452838947578732
-0.46964612345666273
-0.6111315729934458
-0.37044042481965467
-0.5777465542436586
-0.14105281557826688
0.04391446938792682
-0.5699680195143023
-0.09275295750532304
-0.015554614157135993
-0.015554614157135993
-0.3915947002012763
0.9892932445492209
-0.7706485775251414
0.27750422506724753
0.9703954727107498
-0.203767701446438
-0.5630447315833951
0.04535435678791423
-0.0018929214798818158
-0.0018929214798818158
0.5596864576254624
0.8599431970812089
0.816772698397525
0.7269503032573821
0.7460557715311724
0.686728130096914
-0.8462950923633011
0.04798933691085153
0.021049657507672705
0.021049657507672705
-0.18987300192613918
0.3476364199596424
-0.24900317757637275
-0.3788252250019123
0.5916613675136707
0.447600431388561
0.15627208173381488
0.06552290608851263
0.0002543812934935689
0.0002543812934935689
-0.27172586563669043
0.3274427489604571
-0.06321401316355947
0.17456088028072966
-0.005476749844777625
0.3245352234343699
0.3098878419052313
-0.026053263372611612
-0.0017110106280384036
-0.0017110106280384036
0.8279805794831833
0.07213058420936379
0.4602275040739563
0.01726105398482001
0.9193437453520441
0.9511174970995355
-0.17279700399407694
-0.019574465202780774
0.0022671612990614507
0.0022671612990614507
0.7973020472999904
0.23342733798898396
0.9683283196904686
-0.0911205398848484
0.10622654290922427
0.4419170104835791
0.6282009444850781
0.001099529645731674
-0.003012840027979931
-0.003012840027979931
0.3403664749143667
-0.5535789750954732
0.3688259259085289
0.25631856868981806
-0.603380448473914
0.828579334763378
0.7561302232128798
0.0007794073332812405
-0.010942353388931642
-0.010942353388931642
0.7907528492204823
0.327271353498433
0.30996910931211447
0.9591117354057226
-0.9423133896202835
-0.5520077058375509
-0.5545592484788389
0.01926751282660082
0.019152272100456263
0.019152272100456263
-0.927793710175835
-0.7648696463540511
-0.7961433264558387
0.08190928255029056
-0.06676035573824136
-0.23692126329751967
-0.17309883623478287
0.0037471018488650434
-0.0047748332190017465
-0.0047748332190017465
-0.7798639950960716
-0.6066740417735389
-0.05939611442606774
0.9708353021923404
0.11501869593684226
0.8044993142753594
-0.5681951234126776
0.0257590344189588
-0.007543212984477464
-0.007543212984477464
0.8973015764152995
-0.26581293519289095
-0.12606118938846736
-0.7090905356044436
-0.06328524610079805
0.24662283601985088
-0.48081845603423506
0.09398877801136217
0.004365629229254498
0.004365629229254498
-0.5795984574834688
0.7932942176983585
-0.0008198588950379341
0.5827709748401884
0.5824585737493522
0.8587629271582389
-0.3676943400162627
-0.017469580022605014
-0.006926981628521366
-0.006926981628521366
-0.27315594370483265
-0.9359153439541712
0.08521595098844575
-0.3574785248254644
-0.35255605580107846
0.5984436165803168
-0.9209443014297987
-0.010426811171414783
0.008453692352908836
0.008453692352908836
-0.905988319485142
-0.5364044402546939
0.029879202046933038
0.20826819455878381
0.3778443492671044
-0.45597273198525573
-0.4339580767536804
-0.023442338074569156
-0.015928224383722565
-0.015928224383722565
0.05931920943959702
0.2552231086710394
0.19660816358171304
0.009549963796580945
-0.2708956347800804
-0.7197915816794365
0.24857005915200378
0.03240264199444072
0.02025554878288241
0.02025554878288241
-0.44312111231515605
-0.7629840402375513
-0.1663057326719971
0.84262357399349
0.5430128667314685
-0.25207019919355667
-0.1284944990313591
0.011203611915493015
-2.1780799866549214e-05
-2.1780799866549214e-05
5.340245844759926
-3.149969075502743
-2.5088040633289888
4.227215662985972
-3.135235981826535
-2.6873743125363903
5.942702514904919
-13.632897349695215
-0.9180019359519996
3.7189653204222757
0.8290741058636445
-5.3893472765097945
-1.925853313926534
-11.704897561968185
-4.292173267198323
-5.697022706413998
-4.4940931017478025
2.107622147782203
1.5453180953280647
-5.839529382978745
1.3130588822091622
-1.392822883389446
9.211371369618357
1.7362516333829907
-1.539002788811539
-11.354010991163891
-1.662387202491874
9.17006882290374
1.0231111370940251
-10.340551990311251
-5.138797409156341
0.9043336190120564
-2.785949539283946
0.08770308590316933
-1.029665902283634
-1.8983021523889012
-4.846011334597069
-2.0512281158238777
-5.962800459006428
-2.62309763145506
-2.7335109782869944
-0.03969184441993179
-0.5631532061766769
-5.133444220152035
0.0320420591652693
1.3298389540398183
-7.746774704305838
9.512480006427369
2.3020501714043076
-6.477500364157404
3.06910718915123
-1.8622393130856258
4.941972395255254
-0.04209780576907167
-3.240704127293436
-5.523205403390021
0.601582101793399
1.7264088972720508
-6.439948071981416
1.4318134794245565
1.57246931549228
-7.549955641684584
4.514666059176004
3.600963728695411
2.4892666508550327
8.561509975409287
-2.524482657117918
-3.8150982391021993
-6.954934404297223
-0.21291773898643818
2.092443377996134
-11.521757177876065
-3.1285231067391055
5.654544587688006
14.972989081570546
-3.8373682080516347
5.3108292398173615
-1.0694693679048057
-1.4964047773269846
-9.187041375549857
1.3187668804699533
-0.5599442346065079
3.7316171722845115
3.1689454480240067
-9.47977024308868
-8.222429627731737
1.6985089144231535
1.259930060559256
-5.969112279326755
5.413843523910482
-7.410298311914778
1.3335870537760182
0.6830904198247951
-3.2670917482261004
9.477439795777972
-6.774026114270075
1.5353534693707445
2.093140475857138
15.451514234621797
0.15310436777990727
-13.42367071856464
2.961249575827165
-1.651381879660366
4.324068103123978
0.027843849801694208
9.391008766563965
-1.635380682911751
25.600556396619705
-4.758312648730442
0.5929066299129654
-7.641692769747464
-1.8535506112431832
-5.972640474120115
-4.680372541430668
-4.559459427308933
-2.044709135495271
-3.797334538433471
13.37822207896775
-2.627537936023566
6.941196924061381
6.315979296977471
-4.249911445780806
4.756829498827109
0.18981361294624266
10.98368027124249
7.797827774821179
0.07515176166950994
13.751362704098469
0.425879335756785
0.27512880339001716
-5.752009337438029
2.181224551715932
2.174019453497152
-1.180233863181971
-9.25395720455983
11.214359549841998
2.628600111861538
7.765016924537909
-3.90149620665156
-3.5861837242266774
1.875774122166342
3.3327194092129937
-0.20724602869237826
3.0366347418234727
5.184532351328602
9.9179728171376
2.0641299796499823
0.2726824278651455
0.2022036643300133
0.3130723571153815
0.0057890592119592575
-0.0008212139110263606
-0.0008212139110263606
-0.29836729676749557
-0.14079554625481508
0.6629684459099994
0.2722422638095255
-0.37442243661571917
0.46726821411036407
-0.18624250006686197
-1.6425524230729456
0.21878962359727844
0.44022507412649625
-0.9722712709269992
-0.5477805766916132
-0.3642847691913901
-1.6582530826743738
-0.10667119362728403
-0.36832072339103583
0.7153069825220946
-0.5989692805939039
0.46451162788632905
0.2702426349122983
0.48183671328996
0.9558844689509217
0.8102531735475038
1.207967144664597
-0.8561299024372431
-1.139573746183079
0.512594531983453
0.22841856534574342
-0.3614781566341107
-1.2550643848812426
-0.2709679823804109
-0.6671218985671034
-0.7274672290088475
0.492425838351632
0.46880671992720435
-0.288855784181497
-0.9545354820067751
-0.8605841412932383
-0.26011057083735883
-0.8522706856339892
-0.5209998354752564
1.0006347155870274
0.11494378993563785
-0.8518301686419426
-0.8226478861205133
-1.1190340370054186
-0.25902675839976275
0.6529021595766544
0.8244824308965046
-1.2929044799678113
-0.874687321338245
-0.08574045018733803
0.23092301005861554
0.16770081553157937
-1.5210753839223943
0.7077726681857572
-0.21603754119042587
-0.39912815141304847
-0.01290420145911652
0.028849976202443266
0.23693099404099882
-0.9069461866171032
-0.1922993879345065
-0.23562124806090545
0.4281430062488768
0.18764695644725235
0.07691277788863977
-0.778565935549744
0.35820853558164467
-0.16521789651750066
-0.11191347501396967
-1.310687881419413
-0.8058300458479106
1.5965377972459254
-0.01301344270140531
-0.7994680264871353
0.46380488671517794
0.16340839023892056
0.006990497391749466
0.34259481583340556
1.353281203329363
-0.15875371303894337
-0.5870459412758888
0.30550537556001145
0.2715783146666659
-1.4447973046309774
0.047385138085716226
0.5126619574827251
0.3082162956156737
-0.23252918535027425
-1.0601482894334802
0.4930070851309779
-0.7639980955718297
-0.3793214135757186
1.1049112454607541
-1.3448266119979997
-0.7618235208512106
1.3874246933221959
0.30354938025479056
0.1686062770350618
-1.8859448721865901
0.02897222585668061
-0.37240271769168676
0.06474329691863649
0.0018447839175280212
1.1006213964130493
0.8320927867491854
1.1799339163439695
-0.393156857599133
-0.8952036084484185
-1.2452775079777239
0.5686817745435865
-0.4040834133683571
0.4397217630558694
-0.41173649319711214
-0.7898990027926134
0.10521154020592705
0.96542578150439
0.8837160303724689
0.09212891539973428
0.608507271524441
-0.06059166192120806
-0.11426101897097357
0.80935671811639
0.9181664011551246
0.4587770428055462
-0.061744099039894716
0.4816429192999139
0.5224510675095477
0.05525553705446378
0.183318267141144
0.20782298583485803
0.9177299284120204
-0.12979328928985903
-0.5744114914192433
0.6643067387190678
1.2619704774364504
-0.5266982972754084
0.24563265284152394
-0.24503006621125736
0.22841020926714384
-0.23659771651960398
-0.7504457030346466
-1.249492306710894
1.0921455349787599
1.0186199194811771
-0.21718259291660896
-0.6783373978762794
0.3265564445566746
-0.29273526708112463
-0.004376228806645234
-0.0011497369653792277
-0.0011497369653792277
-0.723231364130019
-0.6953356749285711
-0.15099387449117482
0.46999995171404635
0.7947532637468516
0.11491134326213566
-0.5214660167114427
-0.3448548200265788
1.0298575127853524
-0.08396519632189427
-0.06520383620048865
0.40348749540502626
0.5921841711121278
-0.15127450588817096
0.10843497650644553
-0.343507004179698
-0.7203167735415246
0.24563641145452134
-0.6982010296702208
0.6168420041178296
0.8185691619963247
-0.6282180061844028
-0.3628686268945053
1.0379900228883854
-0.8680382454228592
-0.09774001774999894
-0.7651922088081622
-0.0835729763488572
0.05086581197853956
-0.10129827443866651
-0.10316152073049185
0.44129014285876245
-0.8280611331648318
1.0105791252269174
-0.7742684112537453
-0.44276824101909296
0.8935302014867942
0.09986139565298344
0.768608489934541
-0.9522884972422907
0.6968712596065939
0.0966648791516504
-0.02730332936449154
-0.7183904368070756
0.6559558914668329
-0.07389402532819166
0.46825312345883685
0.5954714269698739
-0.48596921711965435
-0.8454939244039722
0.7227221554156126
-0.48822260926823474
-0.5522541078552622
1.0544520180531765
0.6557051645267431
-0.03430189913256182
-0.04116573813847255
-0.7233135953399106
-0.6244861427909133
-0.8316255191000421
0.8678947026632892
-0.5184268725727003
0.8948951979557458
0.36268661503512944
0.703412470344884
-0.4295683734769604
-0.343572046341044
0.8929810799070509
0.004396052383913442
0.2315081158850359
-0.2665428702083863
-0.3814049414226583
0.6323616200882869
0.5198182452552712
-0.598670335022681
-0.4795502374731131
-0.3917531808652783
-0.0891178580766218
0.1352936474016021
1.1835374402190164
0.6609142267161826
-0.09241110822961653
0.14164355451372668
0.9288938855470605
-0.6794037528669319
-0.12285846908034141
1.0679151021939506
0.5483502047388783
-0.051781593969303326
-0.18182156564618646
-0.15429471170957815
0.10570652149772283
-0.3932080539140611
-0.8477440663939689
0.397034649347095
-0.5807057030943985
-0.6009478965848591
0.5047479192474658
0.3964219442156795
0.5137697757370446
-0.7197399925869277
-0.4075629128849048
-0.558697154835264
-0.3826442198211876
1.0160915701899738
-0.6768610704377693
0.14115017199205918
0.015959253222328777
0.13037138575673562
-0.42960737830640255
0.3488925372862725
-0.25594792639818176
-0.31013091942095733
1.1331429657031211
-0.4209363670010018
0.3106766965323371
0.016144581862809638
0.29889954416716347
0.623476712964841
0.5336152690926795
0.25655649257884855
0.39562664647222784
-0.47418263068330907
1.039543915770042
-0.64407539448648
-0.16002901969839448
0.46787422852651234
-0.29722757327881316
0.4251653463871601
-0.8065973845821895
0.2925713922144517
-0.6372297120530488
0.0649223133467405
0.4858168739887184
0.3498537893331565
-0.41019020747855395
-0.6867064088991709
0.5519733673499644
-1.0108179273532407
-0.3520553963890945
0.40750721026478953
0.21177231641064184
0.2776425236868675
0.5139497107102843
0.3322614379747997
-0.6453183061518386
-0.26547042773566615
-0.5475839486273939
0.541653858754074
0.11946773401863109
-0.00235144311226601
-0.0013129288809954048
-0.0013129288809954048
-1.1412870966883089
-0.05941572330590075
0.2611934698996239
0.6287882642022985
0.8356798246745919
0.831917353672805
-0.3942388458719194
1.1287357533503197
0.3987108062403483
0.5646128158384679
0.4232495725559021
0.25886529343363907
0.14684905376022545
0.691741572803418
0.9596044738548101
-1.0501614198475278
0.757258761937817
-0.25630640147079764
-0.055556642993907536
0.10506039669662093
-0.2977454257416902
-0.23753409209781712
0.1242405774290996
-0.03609034406108376
0.9077214260572255
0.3931728920099546
-0.30527038255624345
-0.44553906099474433
0.29919921173043273
0.857749533419333
-1.0685045603919203
0.5418381306094857
-0.7634985656521837
-0.5115643893424684
-0.03469679341202732
0.16614309162176924
-0.131867678849157
0.341652863270305
1.126631457148962
-0.975193014416853
-0.17086120627704265
-0.21432650617154103
0.5602236292082126
0.3119043460439435
0.3448745616891342
-0.323500943281656
0.010404760382958816
-0.3533008946959696
0.6961375498411315
-0.6469652640848892
-0.8063936244544393
0.7268006897251319
-0.0633992959742287
0.2919296279800593
-0.04019961558260573
0.872600734202938
-0.038773108117398834
-0.7819464997952716
-0.854386739824637
-0.8628516465683513
0.46310575150777344
-0.4968243879271767
0.7593436014904663
-0.18123317413420836
0.031582021308545566
-1.1821783416315332
-0.18571950861735226
0.6656017570142759
-0.6640168035485967
-0.24582391298451006
-0.2353751799506969
0.6941693045918196
-1.1642482662276454
0.14745028487142875
-0.5728086074679642
-0.16224684322755675
0.6701699252450655
-0.1438771781527711
0.9342883998661514
0.6591359536336082
-0.7981411639533385
-0.2867512987589729
-0.15084782356321108
0.5037006094175901
-0.47292773553154727
-0.6681338201299587
0.0954417326036373
-0.6812296654186788
-0.3847128730520894
-1.1855635967516591
-0.46301734378078496
0.03403090099656489
0.3332289729748953
-0.3350255854809169
0.739397507301758
0.634878237896099
-0.4366359478221522
-0.4381898601387045
-0.5619580031703721
-0.2833083022486241
-0.6937252226531442
-0.4143444545597657
0.849937720606433
-0.5789385810669856
0.10446458913843461
-0.007452026620252596
-0.6496567543905988
0.27617784774909226
-0.8441509603392596
-0.4704598326943426
1.067289650486678
0.17778812056922466
0.5256546483626878
0.622092910717946
-0.29284883721245825
-0.6997081536523774
-0.37726545992612337
0.5206977242125878
-0.5240007960576939
-0.07366449380526757
0.6559690830237658
-0.015061919130563662
-0.2755119280522733
-0.34930228654882206
-0.914347101924691
0.10389948500878789
-0.5051696714320713
-0.11958227033378063
0.8648110935971013
0.6386860585849106
-0.06612711908779785
-0.11393797846818376
0.16095494624386147
0.3855758133782441
0.1931374996094242
-0.6374678615801157
-1.3027095512129643
0.2174121345268124
0.7049653708701826
0.7500885691942039
0.9583737815898339
0.14667574554710086
-1.013054372966488
-0.3699942257116475
-0.06352054436389476
0.1854139261645279
-0.9171853906294541
-0.8970564086489985
-0.5888301633789078
-0.35625366789174623
-0.003775264278491953
-0.001265878333891286
-0.001265878333891286
-0.7520372516909339
-0.6858403387126192
0.846057595216312
0.3048473757653775
1.4116711313465578
0.5628674773088855
0.7913879908079527
-0.5480841172415232
0.8863364984826764
0.21689805814578175
-0.33319536855504545
-0.11396105051607198
0.37739415780174346
-0.42493384298079734
-1.2444375525211837
0.11803532621769068
0.8908311279475964
-0.1947317184238582
0.7996591115915057
-0.2856351577417732
-0.5696810521681424
0.42032911132479006
-0.18869035131824574
0.42496202958205287
0.332336816088327
-1.2260175258940615
0.1596841788702298
1.4528770841329393
0.42572909713278156
0.5382102516722372
-0.707427171697609
0.974667969255608
-0.31297147694629246
-0.34936694382457995
-0.4056812384825817
-0.6823324804098249
-0.8633916781700735
-1.166904697038119
0.6120318819883277
-0.571755468669294
0.4328323524096774
0.9548588458128481
0.1860797971508072
-0.23727809742294434
-0.5721002840429116
0.8383664458513044
0.89380560792658
0.6153517031544432
0.1157195765924812
0.6062189638850792
0.8247333618085013
0.6548173596855787
-0.016883264515551402
0.4361682703912918
0.7809873712354475
0.12019233764788001
-0.04669668023160355
0.935114845442793
-0.7150725971827243
-0.023910006630862384
-0.5884703776075437
0.1772379932375455
0.6014292790593017
-0.2651431032996464
0.8577165768165743
-0.33069143431423803
0.8135815043704516
0.2380260831222201
1.1392618762228475
-0.0333504955516574
-0.6628644123044652
-0.1068378326012639
-0.41124644498555846
0.5623260965158436
0.35464960155905334
-0.37646501426264156
-0.3299072586155167
0.667328047343371
-0.21207080811692353
0.02052331860662171
0.5155958471053848
-0.7759834601717074
-1.1054668219213262
-0.9467217649769759
-1.0678418016455775
0.5114024705538278
0.665784594314163
-0.47833990435596624
0.0761426979368983
0.47068057637157706
0.17516562070652822
0.9056385314108392
0.10245124832046335
0.7535434666924667
0.4506214145089233
0.5775905047756923
1.2530590254246512
-0.4610279146355823
0.4553539345687827
0.33671159064593725
0.6940040733432328
0.638279146363789
0.06435580125899502
0.18438985916812897
0.03189828384873051
-0.0782536925799187
0.7502662216901277
-0.9917726177704449
0.3455806535460172
-0.9005106473669331
-0.6894330794683606
0.036580977560395224
-0.9740412711416121
0.08388300939051853
0.6141335248386662
-0.5923714297375128
-0.5088210424569467
0.4955740185334815
-0.4908942480005899
0.9925429206303797
-0.23623480882705997
0.07751120395515324
0.19576709617188912
0.6328578967258405
-0.7117336820689762
0.4162370010819876
-0.6194183487759276
-0.08956870195555455
-0.5956624815555425
0.6539402012177465
-0.14650218694563774
0.5176645250735442
0.1146530976618418
0.09703697335326093
0.31924493910261775
-0.64710198787335
-0.9566966257316359
-0.526052294544582
-0.6909174677388249
-1.284222520939659
1.0133716267129576
-0.020947891126042874
1.4163643482092827
0.8085714584582362
-0.49035102927116225
-1.0820145228980824
0.6675653344682358
0.12258865256990292
-1.0081050733176364
0.5686465855680833
0.006409899168802552
-0.0005876650373819871
-0.0005876650373819871
1.22233254854971
0.5596116890084272
0.747728469689749
-1.397965095442541
0.20290186817982447
0.01056252395176035
-0.9537618200483494
-0.02705014195010594
-1.3362796230095852
-0.430465727224602
0.56213411318351
-1.2798302088960405
0.32758536739816535
1.2633271365333623
0.3324943330437304
-0.21425400791646923
1.120089360352977
-0.825734986967007
-1.1003237766914837
0.38300995969293744
-0.6001055022827051
-0.9689190684952843
0.5984206927686717
-0.6044120765566198
0.052364459491283266
0.36928394764279454
-0.7728551069900869
-0.5004871913933161
-0.052921423892554983
1.0799337837796603
-0.8416517614488103
-0.4720581373893468
0.2157629991764188
-0.4618383678296464
-0.6768738097072954
0.2286482304094179
-0.5507527637960665
0.07794315494893107
0.6745331042725732
0.7960531444085478
0.511979157413866
-0.8543848710488486
-0.37936888771043453
-0.0507161069956844
-1.1715684995897282
0.04746899461406596
0.22720187102413125
-0.16198089067719354
0.28731289841995106
0.0826997681302812
0.06423063945963327
-0.441792520100871
0.9825745657808745
-1.3250992809444537
-0.02470045427071129
0.10247023506447282
0.8973084787280527
0.2605259941966924
-0.41320293134224506
0.4078284723277076
-1.7249869721636522
1.1897965840764608
-1.2813418349304315
-0.7396846836579261
-1.0187007591059385
-0.6764352211158344
0.49895782663809435
0.3698681804015152
0.15143649072629148
0.12072646767220806
-0.6117986297072995
-0.020481627176226355
-0.7228024691232812
-0.41431253277495644
0.028613883624323946
0.6030969144506618
-0.4905492350045299
0.6878198447952368
0.7233695403588186
0.8044197836017835
0.4217400653236442
-0.9127845464685836
-0.8161578719764936
0.7439036257910017
1.38077208899366
0.4695609172991771
0.2782891364817222
-0.8636511981141437
0.21375863688700575
-0.8565184889194574
-0.7276683743166472
0.38903090552510733
-0.06616792664618633
1.3058950070271924
-0.9238788431826847
-0.954573341273698
0.26106611649936373
-0.884854611712804
-0.4019537355298581
1.0820816034077594
1.3539473399581479
-1.406569728015272
-1.3103830968768337
-0.12409520692923061
0.03612122125952376
-0.8610341783855252
1.4125373245174697
0.15470898795475002
0.6931852907431564
0.8425675245731228
0.5169563379219659
0.6525669726772693
1.3437870546634152
-0.7338373913756785
-0.23062639234202473
0.18511264136511218
-0.03985900335294707
-0.6580258897558136
-0.11767547314300868
-0.1366536468122737
0.5922242890107361
0.9945716613988577
0.7581164980111659
-0.5841993480636865
-0.49069170049846733
-0.30856655812592143
-0.25665841854092497
-0.5798549813093751
-0.4062935710598062
0.5294260716912562
0.548832194278585
-0.8574276806852638
-0.06082733979133851
-0.28946739868367016
-0.7741498055236781
-0.6246780400970461
-0.8899906999449464
0.45649909579657266
-1.0108002948627393
-0.9011582594156969
0.011133508250374275
1.5313180363016732
0.4012124419159454
0.42141272225023596
-0.4921496881017908
-0.9840932365993817
0.3407750662388492
-0.9820575817103847
0.0664178452588992
-0.3403141688551256
0.0007356537593331059
-0.0011838043287815724
-0.0011838043287815724
0.9475835616432162
0.79569535306116
1.1413975882149991
0.5542214743819495
-0.9864776303325683
-0.037876699909396794
-1.069740243645848
0.9222579989321977
-0.47898220195850394
0.8677253165075183
0.41890133182165196
-0.23031588982713472
-0.09047992046435124
0.23234955223029397
0.41460478003046236
-0.7077662780928484
-0.15498451240964445
-0.292157987829903
0.7059583440629649
1.0448182690552954
0.80105251591091
-0.9979150172682824
0.42525721756334045
-0.6325893873772941
-0.4457249286446397
0.31098788154129925
1.085022402347867
0.1728852073430773
0.6482692497939533
0.5063585050794015
0.6943427872274756
-0.5171742224700657
-0.18322017626337758
-0.7231549732925855
0.6881694371097536
-0.21787785407777965
0.13117917395502268
0.30082421024360756
0.925899128576202
-0.1352568267963486
-0.1974949398541702
-0.3463570576001702
-0.52791447003004
0.26338706061836115
0.09460527909097996
-0.6083750563068158
0.025076774760416948
-0.4455911892748329
0.8904665441119113
-0.019259596025908907
-0.1839005768402629
0.3153291055196846
-0.4694810588485932
0.21499887577163676
-0.5830445778445349
0.880664239218941
-0.48324240980714417
-0.29598855768638416
0.04938483473245154
-0.8213621535526767
0.15833472035889784
-0.3705884531431477
-0.8006234208822555
0.2145758777784571
-1.0238329623171847
0.42360865728338587
0.325664000798064
0.22685795623632138
-0.0010157793475327106
0.7170812307460387
-1.2588751419855464
0.7923987427182451
0.43074702933086234
-0.361212629090853
0.07271885840939524
-0.10188967595536232
0.20336019758348356
1.2235070172080529
0.8290798414072722
0.310918114182538
-0.41063481083195696
0.5153955972931004
0.25101341932485766
-0.06458825872363082
-0.20354525756683134
-0.8187961535340212
0.6015752415478003
-1.054448250982493
-0.8156455399306349
-1.172050912360211
0.09588748639643938
-0.12991824338327226
0.3385792030891306
-0.2425059405562852
-0.22452720729278458
0.6441032585798593
-0.6871385096712864
0.6743970194463964
-0.553757232501375
-1.2589718269697312
0.3230717854179919
-0.0920426444690613
-0.4313527609689061
-0.05837336928599535
0.3667432735952573
0.6003940716732614
-0.2098869950228524
0.12404671739077797
1.051371982995259
-0.0007603796283977386
0.01721813143224741
-0.09866274293611225
-0.6954641475896102
0.6313330513942512
-0.30567126570912506
-0.2778826964059827
-0.3810706419279926
-0.029574803892697763
-0.8473369519484538
0.49350926257323374
0.2301361425990385
-1.4477904463881421
-0.49022218218241664
0.10666028602090698
0.007007737520754557
0.08903769394382188
0.4119568703278043
-0.8940586966549676
1.348156059996555
-0.40436871767838456
-0.6182532315314891
-0.2537768606419424
-0.5766303341152841
0.11749545726870032
0.37376181923406937
-1.2061846363544086
-0.9059046581688286
0.9122913091124203
-0.6531688967453011
-1.138909831139376
0.46038900324235293
0.5530513613640531
-0.46809666876967576
-0.718516995243285
-0.7217671978208001
-0.5844321985143617
-0.26439657200032785
-0.9832604768752919
0.3671021980134703
-0.24378337582292003
0.0028700818996247376
-0.0010319281828365986
-0.0010319281828365986
-0.38360085088551243
-0.39460441835672916
0.7608918848058
-0.676252919476279
0.5321059610336425
0.9976781803642173
-1.0217264522165448
1.5002793599284177
-0.04383906161160119
-0.21654199680759523
0.32196696971665734
-0.5010028642326905
0.770182623409791
-0.3248398978018429
0.9840611802168157
-0.8205830067881938
-0.27568760142117765
-0.6419735299408971
-1.076214085886096
0.3570379699880339
0.6733636503972639
-0.9490096813329782
-0.6108051588678579
-1.2621618697235806
0.0007316716283420081
-0.5643825616867285
0.8481603661783688
-0.10538420424659117
-1.1496046707364331
1.1476293112383302
0.6466033457476256
0.6977204678906079
0.5674732515266717
-0.5809723465516875
0.8726342032795296
-0.12090104481423344
-0.04021708733341492
-0.9954585454764031
1.3382439656039502
0.22742134915406792
0.4799218598230739
0.7201217518137208
-0.967591501418304
-0.7776278373502595
0.38624807914363474
-0.8541959604453571
-0.018059715198328843
-0.27673096588477336
0.017771592275708667
-0.05309271182982658
-1.0680219780643496
-0.8227971971728202
-0.31649219411406265
-0.45243317523049303
-0.9512051738787776
0.7317757362141953
0.662773160842537
-0.7865839470074655
-1.232986441219975
0.423845451139214
-0.6248451168851605
0.10359443856637712
-0.16779568512039958
-0.5748479890566517
-0.29553475905310334
0.6621602939809289
0.5481874520071673
-0.9278244627941988
-0.5832182407755188
0.18416389749187712
-1.1361335954182783
-0.07855872044096214
-0.10627099251013736
-0.6320536085905557
0.5351645161146363
1.0692684942609831
0.06326804544590524
0.19188236296310276
0.750947682084206
0.20757920811128808
-1.2200704553013804
-0.24268462933518176
-0.17104333645122674
0.2506875409411008
0.8915517590969102
1.0139826167124906
-0.7672580962161737
-0.06888949016416737
-0.18273541792160594
-0.5994851029398174
0.5352493617703022
0.17902765840647578
0.1609230351348655
0.7278447012771722
-1.039918796930956
0.2445607528755132
-0.8438307994971692
0.648516590034436
0.4973424466293842
0.3064606000483156
0.5590938081368793
-0.4326972193638074
-0.2799345826143209
-0.07233457234516619
0.49258445675847695
-1.361947429106331
-0.7585289291951911
-0.4766846026938957
-0.0730248003870757
-0.08267771049185527
0.9896487875238622
-0.24199776052373895
0.4145207083573474
0.5707031937640772
-1.2367427854944522
-0.7447365508762918
0.4388358074289055
0.3203174967496429
0.6091112247774592
-0.5579396957001913
0.24852267473695078
0.5443148352535538
0.8210110438797835
-0.7001713155396515
0.2538594496388954
0.36110322894449587
-0.03936523842212526
1.0393978562353596
-0.17635423064499048
-0.8377585950886484
0.8869367458438201
0.8997660507615127
-1.0330211252746435
-0.12676867889096954
0.086639729626842
-0.44415109660456026
-0.369760635022398
0.24112881464858493
-0.10827358620175787
-0.6502961412076689
0.3963901375039765
1.4153805799607504
0.8772465428528213
0.35175758839006904
-0.4982891611920625
0.19863141678164795
0.20139618715325272
-0.49299695445370756
-0.308205333819091
0.5598418407144693
0.005313223262409478
-0.0013062567066676517
-0.0013062567066676517
0.8272890916111897
-0.748070067855002
0.42183918653142316
-1.0127155083894679
0.8769130599794576
-0.3366665798891151
-0.3712789636425791
0.5125995848466353
0.9184728959057787
0.12201411144014292
0.6310237738848602
0.7417938702621768
0.37699524768473747
-0.396577300923195
0.29404290886749956
0.5739997772378547
-1.0969467180855192
0.2590156893519389
-0.5256995354988422
-1.066823140143072
-0.5813867643062334
0.8472944988567086
-0.05250865815210528
-0.9376776525060585
0.29462664633984054
-0.6950409703081907
-0.6075111435778203
-1.048107795439514
0.2986537778138226
-0.20443035492452993
0.3124930025889272
-0.8837273801549078
-0.36528053518566855
-1.361036924892382
0.2362452707937693
0.7288990316650934
0.32001763261655386
-1.203976681756941
0.046320576833944374
-1.0197511945676319
0.36917942960891414
-0.06686149113514758
-0.02196828864612917
-0.42805378422567086
0.5718860906423888
0.3732056794567846
0.42104872783941255
0.8274814165780674
-0.4837966935362339
0.99788533098688
0.23977018567806396
0.009229137906755098
-1.1595664519735662
0.12899090447865444
-0.2888868428801513
-0.7619793356857061
0.006950768913568565
0.1740987536426763
0.7861027045732705
-0.12001167397586567
0.3648328839139189
0.9952297256735018
-0.5781497213501219
0.6699767518281959
0.2525233175505876
-0.43029489320795233
-0.2580021681769156
-0.644400463121724
0.5226577008089299
-0.935412088513619
-0.769404731905011
-0.5381981209128426
0.6624470565000714
-0.5471676369610593
0.8668609293897269
-0.26245497189595524
-0.2875337066462985
0.3545352751889756
0.9102063454324626
0.3618547510089337
-0.7113548625334695
-0.1953282408721064
0.5193831409952956
0.15512919488944832
-0.04992718182346915
1.150774224367667
0.005907080941881527
-0.7446256765093946
0.6936080876088795
0.25947601619224175
0.5814804965171223
1.0354355639922321
-0.8279316672279071
-0.31534954562851947
-0.16010706716912665
0.5346590142639648
-0.6777913413681274
0.25355410787112775
-0.3468229530614065
-0.3272564727583649
0.8206527273515364
-0.5095915372587628
-1.2344389291359121
0.40207545646484116
0.7945061148871692
-1.276911900579925
-0.22700936414418052
-0.9323620774305669
0.09934364269180213
-0.37846721699596847
0.6922349896694129
-0.4507754012049244
0.5147691206436815
-0.9146275846557337
0.2227682714687393
-0.41258970192436034
1.3716873109598178
-0.631775592082445
1.0999961528686841
-0.5235474172045169
0.4023335384606669
0.8898011431761175
-0.39481713703258803
-0.576576553064896
0.21016806026023266
0.3019433335373481
-0.5574978284845447
-0.6064385997008894
0.32980961381835183
0.14912185744702067
0.3916574147461668
0.6586087779109834
0.3970453252598573
-0.23553328997058137
1.267838322451946
-0.08223019819412782
0.43783286605798366
0.07712817367295556
-0.34032220588659673
0.31045773415599504
-0.623842857284043
-0.8379601299059494
0.7580488707383752
-0.25222158468381894
-0.8467815742179076
0.006761603382185139
-0.7395592668853774
0.14793051908089258
0.5740717415557335
-0.34700882391803806
-0.0031380059458756436
-0.0019278259921226494
-0.0019278259921226494
0.0833374530805532
-0.8773181304731159
0.007430220679057337
0.30469560379274746
-0.07461433470187023
-1.0038939872696229
0.6877488952363391
-0.42473485811183576
1.046874099026073
0.975408420692194
0.2830406436263359
1.0803871854311509
0.6271725841197798
0.3490285275856289
0.482113866078695
-0.315246798214073
-1.0586253028493202
-0.3081839377575831
-0.8419215482492224
-0.7521819561378547
0.15515423874228035
-0.5839746010205865
-0.6002520022476995
0.3952165916978723
0.30195082308223126
0.06532705494993715
0.7916768667642035
-0.39365900689590755
0.7791944586887988
-0.5860498782179292
-0.5750094544869274
-0.3486817657802165
-0.28701638918743133
0.3024734033569295
0.6532772667302766
1.0711243708162088
0.05948235550382675
-0.20471748494940942
-0.787627794963347
-1.0067550650061199
0.6197090565067545
-0.2737416080090277
-0.14859688447507172
-0.4071885475324331
0.00022794934879772814
-0.2853687838531849
-0.4357501014885643
0.047169097290242865
-0.26883612717441185
0.9181982257936225
0.42676625885754615
-0.6397157404010401
0.5596879183804321
0.6509154184286042
-0.36492193895493746
-0.9162002673268403
0.37653100811750323
0.5293536403974509
-0.33280537168870544
-0.02402420385068988
0.6608923015271203
0.19067052510921295
-0.48962478157298517
-0.6896800461439322
-0.0924620959756493
0.3088381467943617
0.15168075809777512
-0.13544980567655698
0.9831099265509967
0.06860573781928787
0.6719453601030583
-0.1314230862108746
-0.619357252168842
0.3863969911157767
0.3226814539015884
-0.0036162547460806055
-0.7995801427172848
0.47193436973007086
0.6841010107489873
-0.6883219291506384
-0.9004290835229938
-0.3391032535805243
0.012858329045936994
0.6825482454250142
-0.5575243924149512
1.1129736662701337
-0.3768794518383504
-0.9826596932206869
-0.312008032275114
-0.7386469151676658
1.355906724955313
-0.23300449632997064
0.23280414686072873
-0.1503345480489569
-1.0113852706958353
0.4780514341825224
-0.40206890848410914
0.6305793819901176
-0.14495999086188555
0.07583187714755385
-0.8733957133151526
0.7190145273655011
-0.34888941318418526
-0.008066701576132
0.30107856477973327
0.7587968813934655
-1.2113188602166565
0.5189506496419306
0.33010726346739916
-0.05205645925874966
-0.4214778669128712
-0.8316870842141865
-0.8312870103591524
0.4643877471528249
1.0947748563632114
-0.5596586489646129
-0.07329339416328981
0.09613779976583757
0.27349355724269653
0.7207361202488499
-0.7739717619199796
0.0987713258347562
-0.2718250010268391
0.4420078049777237
0.5045859500954087
-0.27729359069732396
-0.24137652160268266
0.19121950852923428
0.21986366923114117
0.4535097511714262
1.024727266910211
-0.5266681672847675
0.9832282018684506
0.07697390958952087
-0.09259730435837847
-0.10589258769223711
0.06502082958381245
-0.8020540775102579
0.5408151725544234
-0.7916403898190649
0.4382450616449209
0.345112846650661
0.2408856425524133
0.2747745491466899
0.15433959472328973
0.23927393700347457
-0.7887300865558151
0.43849197368027365
0.31415618576259513
-0.22047857907835372
-0.0041268937431569504
-0.0024933880698030167
-0.0024933880698030167
0.22286474625059227
0.3987620252661973
-0.5461054710745745
-0.4256810367240557
0.176561296607973
-0.6213578995455206
-0.5812452500972436
-0.480484401988075
0.014258606489156457
0.3748082274702439
-0.44110145358742936
-0.4759492476497388
-0.4838576046971346
-0.667331786322111
-0.5775829441636964
-0.25052318466587253
-0.014573007323109332
0.44757767937631426
-0.5581130090662815
-0.6918126432439164
-0.060933458014657056
0.18963269807745117
0.038116354171842594
0.6103984145905003
0.643089291857744
-0.07284268764629769
-0.1951680705743505
-0.4907090454609716
0.14536364817166025
0.8488745242743778
-0.8585972157622713
-0.2727661039194872
0.9790567288034518
-0.7191477851118736
0.1504192425883149
0.12847413188470574
-0.7772672809368204
-0.7806252971225721
-0.8699822990771502
0.4951839804907993
-0.2884984297600129
0.6412035185221285
0.03658385268746435
-0.5150118890159772
-0.7378308251906833
0.15166860627982942
0.11388962023027643
0.7380886331016435
1.106406568215096
0.7722704378742331
-0.5486033114796753
-0.3059509847098426
-0.8789431724954044
-0.2859187446725677
-0.9832470879041904
-0.7385615362138845
-0.9777990065739353
-0.23904551662935206
-0.3327114591525603
0.9493581868366922
-0.3171361438468327
-1.212854995366302
0.0584656771110107
0.35725189822670783
-0.8975993466332122
-0.45856209306836665
-0.5340079180555733
0.6945127061099525
1.0826840124529538
0.17938724508969278
0.3200370877509506
0.7207675461624006
-0.30828573562235584
0.7272879621858875
0.3645049503119542
0.22417849371608706
0.8395408092724619
-0.7276560321669218
-1.2354039001638188
-1.0875153317128812
0.2147597750980836
-0.2218009932386474
0.8872134248145129
-0.025208134186539416
0.8563941997824678
-0.1807272476939672
0.5831555601813954
-0.9383536341973485
-0.35686598882668197
-0.018028974429575184
0.9215454774290566
0.5131577018091239
-0.5030215701105493
-0.453793727219322
-0.7266921177609892
0.29996389912584115
0.2329154298074887
0.9776103084967133
0.18241030991569915
0.015131158227909359
0.4569546905574746
-0.3539981504232199
0.4322885931128939
0.5119715564559425
-0.8502806994049961
0.06325900426644047
-0.5039611184549444
-0.2696315664411588
0.9830936503821193
0.6515018327544133
0.1829801191913321
-0.9431215242423391
-0.21290109694594936
0.37455973551867366
0.11189853954868204
0.31031777289082374
0.6642912665590969
0.663161616830426
-0.061763135773288264
-0.5997597823545605
0.5053013630734556
0.3223030296320861
0.023487956204958204
-0.671258233355757
-0.8584645621671532
-0.5347300996121881
-1.099052496752506
-0.2663103266317495
1.1878528326373463
0.8755515243685389
0.7553092907114977
0.8241590918815374
-0.475267977930375
-0.79856436784053
-0.08071700132403073
-0.08669343528537603
-0.9024677236874841
-0.7776185998979577
0.6464842626902586
0.49576588854813447
0.6818333918655187
-0.7717512755206404
0.8610981603565327
0.099947236164459
0.1713023517442334
0.6369439666970951
0.9490679226556848
-0.8222310891669998
0.7560501456560004
0.5623650951245338
0.00011625485183629995
-0.0016870227810668994
-0.0016870227810668994
-0.8823373334439047
0.8536257217103668
0.21907133267746198
0.1379129467463953
0.4437619384603373
0.060737292975770234
-0.5013321169537108
0.03153683602213116
-0.36759380452116863
0.6329466883660093
-1.2144955344461583
0.17603581470579863
0.771674301754166
-0.5470738198519728
-0.5157991335686256
0.08988937910478473
-0.35233867215860587
-0.4916016841928812
0.8931558054047377
-0.46463237391085926
0.28826702245950353
0.22829640418906977
-0.10915668977075246
-0.6476608979084669
-0.5192569367806725
-0.234906238100457
-0.18747888555157716
-0.14799992395287626
-0.29181012149112906
0.2695923232558814
-0.7249229670442094
-0.8995077641244367
-0.20501821804663942
-0.08544507871720813
0.008137440207980512
-0.49354709933497076
-1.1137991982558755
0.7898875048358523
0.06258841424706726
0.006976186728864032
-0.038742252624652605
-0.1646796802536311
0.6125070541871509
-0.9693830899419351
0.32653411513815467
-0.8343620508929189
0.6056462490365724
0.03632925062461544
-0.6435593056541832
0.5257453277297335
-1.0246170682038918
0.3410380233045237
0.2099418877877894
-1.0846635111009537
0.355128340126566
0.3092191830926143
-0.08406851897806897
0.17255886328224848
-0.4535628056832201
0.4958843789991806
-0.6464371607878524
-0.24844554177048053
-0.8580601765967489
0.9103893343196783
-0.057680341059270286
-0.08951812622990193
-0.8216323289708528
0.0025310685534098262
-0.46543498592413446
-0.6422404554855531
0.3569684719079032
0.9610782013248682
0.7074977460549969
0.24301568250099492
0.25049672079625734
-0.3525975686596631
0.885406974098477
0.2965093385529175
-0.6364191769217376
-0.6301079665682905
-0.18812068079259675
0.509049291692937
0.37021462265057464
0.2041748561880852
0.5358759517501149
-0.5234036701874445
0.7732550297566579
0.36673952367601315
0.312912757650152
-0.9045086580823745
0.34012835822039833
-0.9473096257561737
0.8069886908638133
0.06354105896109602
0.7224114759423917
0.07034069989142948
0.5979866407339967
-0.7281245829679912
-0.3648607452940215
-1.0771966896842986
1.0123276074518344
-0.47827441927193265
0.01899782007652311
-0.7311156288037128
-0.17197941556468865
0.4495656501326843
-0.746240736976202
0.13352442822806093
-0.41628361661027863
-0.6165919826132664
0.870476023581514
-0.3405913631950354
-0.14937553045719804
-0.7859663375833714
-0.7621777728284084
0.8295422962910829
0.19294632577322784
-0.30062048542674646
-0.30783500215485016
0.20469447266988242
-0.07932974025420374
0.7845692824191073
0.6714072919635234
-0.0760042953851724
-0.18527914766111941
-0.46939012569396094
0.3628279589041763
0.053221365225892575
0.28033848484068974
-0.13886147189218775
0.33188774547924443
0.5349856319437446
0.39777627771438423
-0.14711126078945552
1.2086976886321679
-0.9727485739554227
0.21343016763013625
-0.3449197318978771
-0.43333091412235863
-0.8414293745961124
0.4655491887505637
0.8337377654070735
-0.9827116647228367
-1.1806368887493124
0.6392400981948027
-0.8105349813186343
-0.5197093563971457
-1.1505931467985668
0.7456643200532102
-0.06328305142900688
0.007220606023978494
-0.0016078270551418707
-0.0016078270551418707
0.37013925129894776
-1.062438986218222
-1.047334546228735
-0.5345782887389567
-1.6507641501921655
-1.1933415967794376
-1.1872714837638316
0.4175619568890145
-0.7973431533400606
-1.2445246907917293
0.6115049939223343
0.245914894796829
0.9847716402299858
0.5611431496419332
-0.6839380253071206
0.3847727319878662
-1.0408549378908252
-0.2678663474992931
0.4125817764277234
0.4088080451677658
0.63197134697857
0.7216691726264545
-0.9683880212378805
0.5797267818751004
0.7367761831720198
0.827891843741205
0.8842343980663744
-0.14623026191390617
-0.20708246252836063
-0.0489370073581913
-0.8654751141894849
-0.6523373126994524
0.12630375801007077
0.5748028678405374
0.7273960329823602
-0.6823789951710048
0.02718915806596947
-0.1703810897061733
-0.7633153302133624
0.08148090266955324
-1.8502964906996708
-0.9039069889065869
-0.38587658954308723
0.153545051626669
0.5668130791214124
-0.2145572722954245
0.587432153125782
0.1285969221964783
-1.562061707664271
0.965708761764736
-0.5301810739894064
0.16924601863403654
-0.4271931017468295
0.5285113037294842
0.6576754188613829
0.17712035175774585
0.46385658228568066
-0.4593709950790773
-0.8354251777892931
0.5790751084582227
-1.3236804323641134
0.8031875826790651
-0.34008589520321475
0.9440779775197263
-0.22904971042868286
-0.33768946202563077
-1.266930114624194
0.8724726646842159
0.04727708029236961
-0.6507712004715556
0.6074131345148592
0.07272351077834151
0.36810505009802935
0.42599158700278933
0.8939070917186636
-0.17160551320932504
0.8485126655747414
-0.8925901584170902
-0.39012330039429244
0.661017083145852
0.4900487962762075
0.38102099051067445
-0.332403517743081
0.9187947859322029
-0.5039769972118319
-0.6089733875001041
-0.05273517007852691
-0.24667501845663678
1.2371783074880236
0.3804868734228935
-1.1362872073508865
-0.06233778432740087
-0.32828449329692116
0.3966421838428031
-0.44949965418931637
-0.8998827039476143
-0.4346665161248494
-0.5563479017302625
-1.2205934800815892
-0.6518492795406352
1.0856343878200871
-1.4573934894306173
-1.293897134883453
-1.3698520599298731
-0.8963465763981083
0.4073034046393226
0.14709394971943654
-0.5887754511624433
-0.4112525938308553
0.3765608642829376
1.2887889459285005
1.0162241057908006
1.0566684183734005
-0.551955396493639
-0.16898674136209693
0.09114113911102462
0.5510674148441858
-1.4736627696369429
0.48068147788965565
-0.7031725549377351
-1.1443031367022787
-0.019284278178590377
-0.9753495973084739
0.7668176430795447
-0.5570448962049286
0.20908206544944383
0.8742074936546351
-0.6128939263640467
-0.9907335425265847
0.528136040655008
0.24383466936190337
-0.12887878273961065
0.37436546821899025
-0.6337473424092752
0.30291128808737283
-0.6579582137224921
-0.9875326892156608
-1.1901662692825665
0.46686622734538785
0.21179364939711182
-0.7878191149814588
-0.8468267990770959
-0.9792925017235041
-0.7273003008432433
0.15669940859284864
0.6723454249707392
-1.189940187377746
-0.4748901189534477
-0.2637672458695765
0.2480441112343381
0.002336978077500432
-0.0025263756640962498
-0.0025263756640962498
-0.11901431773744496
0.5512611471946562
-0.7590772815886553
0.620561761952381
-0.9009887989995764
0.17029600122815025
-0.9456246904523614
0.6801244710865125
-0.5417874526094474
0.2945324780211794
1.2319452188001154
-0.24674583192469385
0.12753010758573816
0.11436880981482334
-0.7994874981923437
1.1169557597280795
-0.3190290152683752
0.14218196850485554
0.8083749173970822
-0.13886988351557994
0.8176268138959747
-0.1984865649716847
-0.5182293367047902
-0.6877979559271667
-0.05763061788713089
0.5566657298848753
0.2771409187749732
0.6930112684886591
-0.62141373785994
-1.0988990063192963
-0.21517040608917917
-0.3549168812417932
0.1495796862735795
-0.3936527514419687
0.2759561821220827
-0.5036165794576897
1.0849776533151938
0.4026422033835111
-0.665708011695715
-0.3095074815741169
0.5338185895977201
-0.7126429766119357
0.17707558565395312
0.7298635446504743
0.5474649237859339
0.23974161124769316
-0.5173754338772605
0.8076493559893102
-1.1811799843595931
-0.9771986920654481
0.1882265138007244
0.9635619605828792
0.14437060789387163
0.8630353294013758
0.6375644432755763
-0.6210984042694753
-0.7743202605400531
0.22078879060342793
-0.17084234790402705
-0.7122788189337489
-0.0479079192174058
-0.3899227709289831
-0.6404991892262001
-0.1606384566277916
-0.6563271400817897
-0.05941584194914794
-0.3335614389435984
-0.08529260047036862
0.49505211253248266
0.5681515960111485
1.5573877946654229
0.6101513394179549
0.26784199048791685
0.004229405148828785
-0.7800826108817759
0.28971133660748727
0.8082322109254148
-0.7141493141192955
-0.45828981665472485
0.47377878146335206
0.3337842779002002
-0.5567432693775073
0.4727753042680144
0.20441637936369392
-0.03522182218127154
0.8314290057171277
0.2911199249498233
-0.5832528248000126
-1.0417751024906436
0.4053165934361181
0.30405274458456333
-0.7818142449381547
-0.33871298619154344
0.5207989732757997
-0.4671864748260813
-1.1327993903644158
-0.9379312929593857
-0.47277142904067493
0.15546018130479092
-0.019735938375670246
1.0030091875707776
-0.9976511422305943
0.6920651885657775
0.6670538162701471
0.862151654455426
0.2895440426208378
-0.19676379481787812
-0.35513062332694223
-0.7869266051733028
-0.5884558295121256
-0.6572787239562974
-0.5052101704114786
-0.4272989127294846
0.28899306628262167
1.1453036946289794
-1.0168063081756706
0.54067643630093
0.8272721289120846
0.7695182348721352
-0.7082221686045687
-0.5015916299256035
-0.6273825126599143
-0.8798217643881641
0.7802718758924981
-0.9529256085401983
0.7126878017970935
-0.6199770926077522
0.09646297785043673
-0.24625080041320546
-0.6165736697072091
0.047440015717462376
0.6172397087585437
-0.7249393201062159
0.6281707781198336
-0.07007316608742828
0.24098423604769234
0.1966667064322444
-0.07651446825884663
-0.38451673306261575
-0.15821155343970272
0.5031753301608191
0.18286356322925498
-0.001341540524462617
0.31845171732966404
-0.4895722745259751
0.20173697899616141
-0.7840578798761129
0.10761859592898768
-0.46447415350851556
0.11620011288402793
0.001721164541015589
-0.003156896393848258
-0.003156896393848258
-0.5338730306116134
0.4166305257862047
-0.794192464490611
0.6243092711941333
0.4390598149827346
0.2598927390942706
0.21255513936853918
0.4705572908281478
-1.0331174098103961
0.9104111621779973
-0.9723742341319624
0.2764975372498243
0.6510998856900984
0.960051092344132
-0.01122516537515993
0.935409212325543
0.2653715149516818
-0.15775005320304236
0.5483246601382717
0.3430665430928839
-0.45525660801599716
-0.5949204973800903
-0.10372228304783235
-0.2275844985689748
-1.0998573453282354
1.305483966929567
-0.4717873491415055
-0.2637089325616432
0.33556063678610737
-0.4608890543663088
1.0364046548517805
-1.383149168235664
-0.4016518098178276
0.647161057946274
-0.953432283263944
0.028201559616876863
0.7876200869939226
-0.12144006017284759
0.1497269016865374
0.38267293948569464
-0.6740121398759054
-0.09562363240474048
0.0795167625410168
0.29774061851603245
-0.9334668063710322
-0.33556866888040027
-0.2604218199624538
-0.24608468812144124
-1.1154666011718068
0.5748889223775296
0.5351346080181014
0.2598087091963969
0.6123656255124076
-0.41668400319507154
-0.667370953546109
-0.46345564367125774
-0.08717346584009264
-0.8338403694330655
-0.03158973561668024
0.43524317290569514
-0.6714781129033599
0.6587465675276112
-0.9655830951590564
0.6280541492422366
-0.4666681514979604
0.8024524129118951
-0.15396426481073106
-0.15007360249763374
0.8438730727185824
0.40949351522545974
1.199607323683974
0.21185899074776487
-1.2327874055894827
-0.46036638367149807
-0.517863285313604
-0.4218161443517862
-0.8047498836292514
0.4460199120223848
0.52683837865759
-0.3525330951559347
1.0168297036466518
0.3002227194048589
0.4681530491752436
-0.31434910800040206
0.11479948230452074
0.3684152773163791
-0.9406979319660659
0.0029683934552937018
-0.06865789467061675
0.7753395459825451
0.7929971145413466
-0.254689948995244
-0.300666977724309
-0.7602542338995252
0.3449015861501484
0.07383158155059856
-0.5478434159666101
0.22283961891034812
0.4032298119261593
0.427826005023544
-0.4499961956132619
0.06362931543226356
-0.337403516995185
0.16975066311081116
-1.090530552417941
-0.23099858098513681
-1.3105543592502202
-0.1917159753755797
-0.4552050669382576
-0.7291680678452925
-1.4287951392484486
0.8356508691846372
-1.3191703296946193
0.12756761800312785
-0.29385322869711916
0.6201638579093125
0.728624448839876
-1.1154518975708585
-0.3170311085951496
-0.3620498854285949
-0.09100049663437103
0.07433354001462876
0.3108463783002014
-0.805794835147563
-0.452339896530184
-0.09276481837364772
-0.8526395743346249
-1.339197021285054
0.19970820072163714
0.39975255696892387
-0.9436002439069049
-0.3806431098679236
-0.9526892985460704
-0.02932047414333524
-0.12532365978088533
-0.36228594445143414
-0.3446124274797887
0.4577300027615803
0.87454230030342
-0.0869785896997143
-0.9299586502817833
0.330603753483588
-0.1783014443705283
0.8698985211286349
0.09818432751341574
-0.5946770680814412
-0.43626081041967096
-0.6099092537689953
0.2171753744483756
-0.301032696852309
-0.01014450850709
-0.005659091366228228
-0.005659091366228228
-0.3660231840470162
-0.09812697309653934
0.3574965062773386
-0.4204790966484075
0.6721785768463355
0.22148029753032858
-0.10295006066719067
-0.28876938858218576
-0.14444233185181732
0.8654495705907509
-0.4732879530893183
-0.17303671754348848
-0.5961154698914207
-0.014815977910262802
0.0034229661924412924
1.145487112022816
-0.6476812879565387
-0.5533166082302639
0.36150816375737144
0.03975327750063155
0.1886694500579392
-0.42119178300026017
-1.7207972109053844
-0.16821083341832224
-0.036422930385296544
-0.2894427682272243
0.2548162802867189
-0.14282271547291017
-0.05846771276036033
-1.563665203413643
0.028553723441614744
-0.08194736039601937
-0.8876613092768043
-1.1043085980225704
0.2201695184851056
0.9241911799402878
0.07159797746895354
-0.2864024708041255
-0.4441670248560501
0.8406027330748823
0.22472623586437665
-0.525704892423003
-0.151492035080933
0.9726277064730509
-0.31365509869209246
-0.0487266240263012
-0.3705289110789441
-0.6952257790508113
0.1168342014520421
0.06553577418100001
0.25273105246584887
0.1788789645506602
-0.31949271955869396
0.02847745071323179
-0.23794767275000192
-0.3253782351300666
0.1061044555557861
0.0933200516477779
1.2749879513596614
-0.45982518916389464
0.2618498949997202
0.6969150144237642
-0.6276928335497067
-0.6697297629997536
-0.9557025236119308
0.7386855986597518
0.022911317174215396
0.24596584623988293
0.9230793027248043
-0.5155034933097854
-0.1841006338498028
-1.3410177328948885
-0.11902584175897551
-1.4078920878683205
-0.186491075863423
0.420325378477693
0.047135710621764304
-0.7493611206585855
0.20661721352390328
-0.17043343944763903
-0.2424030318339276
-0.6967680804384875
-0.18106816865984948
0.5906654034137199
-0.5015865799222214
0.19130248112124415
-0.9440927522352953
0.5293063390645248
-0.17209054611581456
0.46788108042697396
1.3406619948949068
-0.3441820601568481
-0.24054713177941942
-1.044687322338812
-0.12678756640526304
0.8389809596688103
0.1306130974532395
-0.8333498219251749
-0.20112541567356762
1.4475056471482324
-0.4017243208382411
0.3934196418890051
0.29540844896931173
0.8865329106680419
0.43892269103807263
-0.37544232523729454
-1.5049355079196183
-0.1882374421751958
-1.2410631146067599
0.35052888345317673
-0.6914441969894443
1.185734488509626
-1.1164327442520858
-0.7129261363843438
0.25287216239850585
0.2550663683936565
-0.8305567286675756
0.5819984309256887
-0.8259158631979054
0.13340192561349395
0.22361378613035024
0.17613537052009043
0.8072824306058948
-0.3565308982373077
-1.0809809385873783
-0.7347969790823646
0.6314097607511864
-0.9628588451905197
-0.7150976268958033
0.7432013725645286
-1.01575432017454
-0.35936222306666005
0.3654654256394844
0.42702070250764984
-0.28360442807840436
0.20829036659833713
1.0714315337942657
0.7097075752851341
-0.2720600924002218
0.9420630768600641
1.0007914241220621
-0.1857578333854362
0.029840562870736973
1.2154273902373187
0.34931627463672044
0.7751721996581465
-0.7632253607246068
0.7498762890174112
0.03376234304046198
-0.643488622818169
0.046390242269785886
0.027255291004282145
0.027255291004282145
-0.6834092447136719
0.0658246510049498
-0.0005093732618619002
-0.03734416172035543
0.6422647687535719
1.2783476560574536
0.20334659560034038
-1.2524977241192294
-0.8271407260000838
-0.6264428321998873
0.241765938741265
-0.13315770672846033
-1.0881416952693246
-1.189501547468868
0.4334944099755985
1.033821559880438
-0.028013902635034484
0.46865278804229843
-0.18988825842977833
-0.5746834216395239
-0.3036566937201069
-0.07462088612373839
-0.363360141445813
-0.4438805631100538
0.7347062286740403
0.41921331071721474
0.8006829906853203
-0.7221024196299519
-1.170626873212349
-0.22824861797955157
0.8585232918866794
-0.3159456957405035
-1.0385312438337908
0.262451882705077
-0.32260849995875723
0.6736069148674926
-0.8138486966290199
-0.5867820420321346
-0.8508005033132536
0.004011712440103721
0.4126633656940505
-0.611111909371689
0.19868679952165758
0.4594965870794648
1.0279066518597848
1.0738152588480863
-0.6983145596988086
-0.506114747803571
1.2080134477674933
-0.45114485534566606
0.9807991457106453
0.6317431764439898
0.6223444730342419
-1.100676056888591
-0.09706423278920974
0.08217439841539423
0.6622251976458903
-0.39282438867964464
0.3685400963523038
0.10824138830675364
0.05232790532677314
0.8194436846649956
-0.10522221397799962
-0.35224452657241895
-0.5062405042409555
-0.7747284496345628
-0.09726552232963417
1.0276364461508736
-0.3267527993543964
-0.577516541332286
-0.5305720579271114
-1.185173810380738
-0.527494213954906
-0.11084287436034299
-1.128287476211802
0.4110750045239764
0.9539717676379539
-0.755516976668737
-0.7373915705038712
-1.2400222540284196
-0.3613708589177374
0.6476890842103888
1.0585461198809376
0.6843390142272622
-0.61062525507291
-0.9053337374153075
-0.3482865557509883
0.5452236860422705
-0.0669968627376988
0.17753623042617644
0.9698019815733345
-0.519994007087974
1.062620518315134
-1.4517226256747193
-0.10533725145562367
0.7199324320152365
-0.2236753070375852
0.11005592537224727
0.45169321567018156
0.23975153799456297
-1.2786640207122795
1.1225924708480872
0.15706525076408448
0.5680384496315561
0.04791290027811579
-1.0674585926494489
-0.5219229038528352
-0.4228323823308781
-1.3223493010139757
-0.036330558621117504
0.41864221707708055
-0.3326213480204947
-1.142155756549891
-0.32725125889249435
1.5360949402418322
-1.065335465600221
-0.3229026647016755
-0.7862559287111345
-1.0431523961020188
-0.9969384040051784
0.9294712111235437
-0.2942069923561588
0.04022412188403012
0.11662035980282597
-0.21191140892846158
0.8968853291560406
-0.39714010438268244
-0.8476866184579513
-0.5004352680800163
0.7703403486270938
-1.0958728715489436
-0.5640709568015886
-1.0293730994203028
0.5164383287741701
-0.6991161992734729
-0.735137378281663
1.2018048130033623
0.05986660186116303
-0.3300505511760219
0.45960614321554377
0.11509677379131042
-0.5543054323659997
0.7382823771832006
0.06601950422341328
-0.3048215721436258
0.5379802923023346
-0.6741459686198924
0.12193751985286487
-0.6348246471808968
0.7923525323895142
6.35097553319315e-05
5.2632742295776895e-05
5.2632742295776895e-05
5.2632742295776895e-05
5.2632742295776895e-05
5.2632742295776895e-05
5.2632742295776895e-05
0.005537105965233248
0.005098713306203285
0.003176404329070162
0.0029502760235577156
0.0026609744741633605
0.00674481653106257
0.006697885264015983
0.004225822722723624
0.0020664382479487946
0.0060757844641826245
0.002415219283859585
0.0016097233577620853
0.004254558756543475
0.006245531739609949
0.008390535736252917
0.005144524661192962
0.005610111927250286
0.00767603966399874
0.006315559245088203
0.0083051866978857
0.002286577266967515
0.007320759078969707
0.003416023776207608
0.007718227709356723
0.0053789537427583155
0.00807024646005112
0.008762864348541278
0.0029968486723922307
0.004542927720404726
0.006372891907620009
0.0073002848916923005
0.0024346922846773217
0.003965209481577071
0.00896348575211063
0.008668020707819867
0.005613989466292118
0.006097669512599998
0.010333798261390815
0.006143651992528889
0.010628802118925914
0.00457050459111043
0.0029380953892620926
0.005511461180275055
0.006920650098074517
0.004958840809770864
0.006126389234871584
0.0017230034412816432
0.0103996983366631
0.00466683810722138
0.009639463123948727
0.00290359432207913
0.009099065497039545
0.0071289417070190455
0.0036054757705046465
0.0028140591392353163
0.007939174332594966
0.011000539421250856
0.0029067193764238954
0.008691557742048833
0.006155819817748144
0.004058807219253287
0.009755498375406074
0.005099922975058727
0.009812031222684384
0.002833009907418601
0.0059584104642593505
0.002126902052726849
0.008584371174622922
0.0018580879146206286
0.006914428251167729
0.006265617853351777
0.005053807540195986
0.006216030258846962
0.001963653844468711
0.005789575683585396
0.006659146183188098
0.009865266687234883
0.00468834719929132
0.0026584728285829074
0.004039345604123016
0.005145613986852769
0.005789273485721935
0.008337193973457053
0.006243444531281298
0.008331132261213525
0.004213102671531285
0.002187128917638988
0.004289093560867532
0.008183059677250965
0.009790072397498212
0.0031441734846315026
0.0016061197095780047
0.008877454560074353
0.0019828345964370527
0.007512507184547703
0.0014773072524540973
0.0023424257144433313
0.0021915197562233806
0.007899039363248294
0.005407251412511544
0.005933317382410205
0.004626628791192991
0.0033921218460811176
0.004062420215235514
0.0006360391733148999
0.006084902987734668
0.006146409392253891
0.0059064028158769735
0.006381978313075323
0.009096281064922654
0.006773556481621847
0.006350567946891372
0.004121157173029059
0.002619886310853868
0.007129339634055395
0.0007318014760175702
0.002343035901708269
0.0016132100977163798
0.005787420114576786
0.004484502705534155
0.006297550937176111
0.008933472874932381
0.0053801170749412045
0.004709497418723723
0.010581657116641949
0.0089912726670122
0.009859804925325899
0.002968621901401403
0.005182018558772353
0.006754889938310796
0.0012843854694495676
0.005575920427569621
0.0024808796419312157
0.0014371509031851186
0.0060506720987227106
0.010828035411778285
0.007253063289539056
0.007457701355511785
0.010509589406065693
0.01051400517036337
0.008556752712066493
0.0068540125182673045
0.0012214428166724093
0.0052641742477202835
0.005273796202542566
0.009156322760719699
0.0020324207215704922
0.002403535403085354
0.00537028041809181
0.004927608411173605
0.005537105965233248
0.005098713306203285
0.003176404329070162
0.0029502760235577156
0.0026609744741633605
0.00674481653106257
0.006697885264015983
0.004225822722723624
0.0020664382479487946
0.0060757844641826245
0.002415219283859585
0.0016097233577620853
0.004254558756543475
0.006245531739609949
0.008390535736252917
0.005144524661192962
0.005610111927250286
0.00767603966399874
0.006315559245088203
0.0083051866978857
0.002286577266967515
0.007320759078969707
0.003416023776207608
0.007718227709356723
0.0053789537427583155
0.00807024646005112
0.008762864348541278
0.0029968486723922307
0.004542927720404726
0.006372891907620009
0.0073002848916923005
0.0024346922846773217
0.003965209481577071
0.00896348575211063
0.008668020707819867
0.005613989466292118
0.006097669512599998
0.010333798261390815
0.006143651992528889
0.010628802118925914
0.00457050459111043
0.0029380953892620926
0.005511461180275055
0.006920650098074517
0.004958840809770864
0.006126389234871584
0.0017230034412816432
0.0103996983366631
0.00466683810722138
0.009639463123948727
0.00290359432207913
0.009099065497039545
0.0071289417070190455
0.0036054757705046465
0.0028140591392353163
0.007939174332594966
0.011000539421250856
0.0029067193764238954
0.008691557742048833
0.006155819817748144
0.004058807219253287
0.009755498375406074
0.005099922975058727
0.009812031222684384
0.002833009907418601
0.0059584104642593505
0.002126902052726849
0.008584371174622922
0.0018580879146206286
0.006914428251167729
0.006265617853351777
0.005053807540195986
0.006216030258846962
0.001963653844468711
0.005789575683585396
0.006659146183188098
0.009865266687234883
0.00468834719929132
0.0026584728285829074
0.004039345604123016
0.005145613986852769
0.005789273485721935
0.008337193973457053
0.006243444531281298
0.008331132261213525
0.004213102671531285
0.002187128917638988
0.004289093560867532
0.008183059677250965
0.009790072397498212
0.0031441734846315026
0.0016061197095780047
0.008877454560074353
0.0019828345964370527
0.007512507184547703
0.0014773072524540973
0.0023424257144433313
0.0021915197562233806
0.007899039363248294
0.005407251412511544
0.005933317382410205
0.004626628791192991
0.0033921218460811176
0.004062420215235514
0.0006360391733148999
0.006084902987734668
0.006146409392253891
0.0059064028158769735
0.006381978313075323
0.009096281064922654
0.006773556481621847
0.006350567946891372
0.004121157173029059
0.002619886310853868
0.007129339634055395
0.0007318014760175702
0.002343035901708269
0.0016132100977163798
0.005787420114576786
0.004484502705534155
0.006297550937176111
0.008933472874932381
0.0053801170749412045
0.004709497418723723
0.010581657116641949
0.0089912726670122
0.009859804925325899
0.002968621901401403
0.005182018558772353
0.006754889938310796
0.0012843854694495676
0.005575920427569621
0.0024808796419312157
0.0014371509031851186
0.0060506720987227106
0.010828035411778285
0.007253063289539056
0.007457701355511785
0.010509589406065693
0.01051400517036337
0.008556752712066493
0.0068540125182673045
0.0012214428166724093
0.0052641742477202835
0.005273796202542566
0.009156322760719699
0.0020324207215704922
0.002403535403085354
0.00537028041809181
0.004927608411173605
-0.0006223085676156919
-0.023463254600753162
-0.032849627582263646
-0.037512253742725855
-0.03616795239689388
-0.016790429639485346
-0.033822980822330644
-0.02948366236675996
-0.037321620190504334
-0.0550807426320757
-0.07123965913722906
-0.04820065088762569
-0.045937915861196305
-0.07218216183132142
-0.09019703982423595
-0.16168832474937794
0.778722600122347
