7
17
0
150
-0.10879447889786502
-0.10879447889786502
-0.10879447889786502
-0.49130701869313476
0.3992232020160488
0.4788071801056636
0.38748180730093285
-0.2149949744177847
0.29230850701763056
-0.955313155265367
0.05876800748218601
0.05876800748218601
0.05876800748218601
0.4787186402141185
-0.21159911394372988
0.13415976514972255
0.03737667904702659
-0.8427978753332526
0.6360406397874664
-0.6493200617288573
0.04685471551045206
0.04685471551045206
0.04685471551045206
-0.44057854841969174
0.9215916773166007
-0.20076205952963994
-0.5032771193282426
-0.8996438187478892
-0.5519170255623254
0.39847161562059336
-0.08447995271031547
-0.08447995271031547
-0.08447995271031547
0.055007576623185984
-0.17137839166957433
-0.9168480926872368
-0.8284524758823967
-0.24923055474497088
0.31424652659770314
0.2029888644062889
0.08035531266405987
0.08035531266405987
0.08035531266405987
-0.8113195292870612
-0.42673603586432113
-0.9809721045222204
-0.1332964030596634
-0.5350531007316787
0.6889429008601256
0.6807445419461821
0.08187134960368236
0.08187134960368236
0.08187134960368236
0.8400049198460174
-0.8766298869156364
0.6123578110452957
-0.8149754022804087
-0.2706811808988095
0.5095777478836623
0.30385423539522377
-0.06742123625842736
-0.06742123625842736
-0.06742123625842736
0.2598416494483542
-0.37180001631425413
-0.2985763799292551
-0.2691233561644385
0.5872381644092697
0.4811958281359386
-0.048760657710279584
0.18584034089798135
0.18584034089798135
0.18584034089798135
0.5687201185510043
0.21013104903054763
-0.7210422650341004
0.866813720982596
-0.5153665382756032
-0.7897855519321758
-0.3858405009560171
-0.020654301973010828
-0.020654301973010828
-0.020654301973010828
-0.37752068982862025
-0.29261355441938236
-0.6748067620671875
-0.18718513214162846
0.7002057707329131
-0.4142442794643951
-0.8020092486259262
-0.1019705861106098
-0.1019705861106098
-0.1019705861106098
-0.16970829482837296
0.7919601020435852
-0.6451369612243116
0.2588047048975851
-0.4483637548988506
0.3470210564547193
0.007418331950890503
0.0022782959096321973
0.0022782959096321973
0.0022782959096321973
-0.7106117120543665
-0.9764420264849891
0.7494769752030336
-0.05294419632038432
0.30351522037902195
-0.9837334111486936
-0.13511122230618353
0.10413035759789786
0.10413035759789786
0.10413035759789786
0.13325945339776224
-0.8110776323932605
-0.8036439339680113
0.1917855938448502
0.1018582743174368
-0.7113165654147794
-0.6602264953407677
-0.02016899474831208
-0.02016899474831208
-0.02016899474831208
0.2871477933228413
0.5753060773105281
-0.4016807744230626
-0.2639704352508733
0.00143201831590164
-0.9075275698355586
-0.1090153731102015
0.1250822378552238
0.1250822378552238
0.1250822378552238
-0.9901374442895036
0.9152272844027863
0.5235670839225338
0.637730345844534
-0.8041702540276138
0.899323208507341
-0.6274257489887244
0.05611023098106163
0.05611023098106163
0.05611023098106163
0.9793186783821902
-0.11597869937255124
0.7838156687504609
0.9132558077589784
-0.39787038045538525
-0.560305681203615
-0.4009644677330351
0.12265603981249507
0.12265603981249507
0.12265603981249507
-0.8790960202100263
0.1562289019777056
-0.9676453137456567
-0.10308430341239296
0.8527437558018119
0.5875232904029882
0.25167813978540726
0.08464897476215791
0.08464897476215791
0.08464897476215791
0.9494160545116626
-0.23681893480797953
-0.3221954891190959
0.3167690121927569
-0.8819550875655415
0.7532132382120325
-0.8185390333366185
-0.0037852383428194102
-0.0037852383428194102
-0.0037852383428194102
0.9566499525980167
-0.210781017346946
-0.9451620453370103
-0.5983915941768243
0.8426009510929029
-0.20198668062130176
0.8969783492053716
-0.03613659518648354
-0.03613659518648354
-0.03613659518648354
-0.33824440082825874
0.5792365467322406
-0.1822822401392806
-0.42963963296365776
0.3806708561984115
-0.1463357914796925
0.44183549814976786
0.0457500347951386
0.0457500347951386
0.0457500347951386
-0.0639723208430876
0.6618922437171573
0.09576566056851332
-0.6878925716758914
-0.03611733536442115
0.7817581137128609
0.6388854833094828
-0.04985376079059671
-0.04985376079059671
-0.04985376079059671
0.39372083548572456
-0.4012987903627307
-0.05948225976458832
0.2612579200378383
-0.9881223678254673
-0.5205311368512293
-0.8024363039458736
0.023115885497559593
0.023115885497559593
0.023115885497559593
0.11365855769389478
-0.07332786809642527
0.7556285624393242
-0.971356577258876
0.9180752576037917
0.31572564584908464
-0.30335606109454843
-0.16841879839767132
-0.16841879839767132
-0.16841879839767132
0.30690014351494815
0.9431938409908459
-0.5838186028826856
-0.9023340313562379
-0.9831799232813004
-0.8174593419015387
0.6002106929895643
-0.030808915940602883
-0.030808915940602883
-0.030808915940602883
-0.12150510655569947
0.24232662512824843
0.2822818506599373
-0.5348028971820822
0.8088575185105397
-0.2534643921253953
0.5802128100565883
0.05827247242576545
0.05827247242576545
0.05827247242576545
0.6794873400951823
-0.6659007753293129
0.16549892488884543
-0.28109826213328537
-0.007514020007308555
-0.6877102955188014
0.45175499712345485
0.1330787225287987
0.1330787225287987
0.1330787225287987
0.17568011924259616
0.8427517025670694
0.04017398861517628
0.3678751372178078
0.5078642652869136
0.1759433198726516
-0.8834022922523217
0.03094877989809071
0.03094877989809071
0.03094877989809071
0.4558772087251287
0.8793302161274795
0.07292908275362478
-0.8576811373584662
-0.032759591122083986
0.1217830295359002
0.8767984744909105
-0.2145637735554196
-0.2145637735554196
-0.2145637735554196
-0.44414559715636837
-0.41766529776299666
0.15952753922923324
0.09444520968042387
-0.8841865788127012
0.7489763752017903
-0.7821941545689534
-0.07334917537405036
-0.07334917537405036
-0.07334917537405036
-0.20963924632706282
0.4414006657719566
-0.803902121174454
0.5026424768432295
0.7633063584809301
-0.47436771682632733
-0.7838862513810883
0.16071001465229506
0.16071001465229506
0.16071001465229506
0.7566214755303263
0.18739281474592964
-0.14256329020078565
0.5016005131111845
-0.8317265445028144
-0.9316573121704743
0.6814562048079191
0.09739517016693755
0.09739517016693755
0.09739517016693755
-0.13700445297463026
0.6232128040894307
-0.9734348255085802
0.8713782676433299
0.5796227060669888
-0.30121724970573904
0.16372695651895808
-0.019696097635105263
-0.019696097635105263
-0.019696097635105263
-0.06981701627843356
0.4590091407585813
-0.9785255750557398
-0.09987507344490963
-0.6999404770666815
-0.6563813999001888
0.19222072817235794
0.018654396060349958
0.018654396060349958
0.018654396060349958
0.4481185393161476
-0.9593407581848828
-0.6833549552527696
0.32136168007761373
0.4723239413928359
-0.6621435050411925
0.08503000900452738
0.014263637848639658
0.014263637848639658
0.014263637848639658
0.9912332327275101
0.4616200738128558
0.15526717213661095
0.3022889277830902
-0.8522108015025797
0.7487668609824178
-0.27070656233912105
-0.00011748748182678859
-0.00011748748182678859
-0.00011748748182678859
0.9742511484928191
-0.27951755450076615
-0.1490930693869835
0.5862196174511802
-0.1667403138844291
-0.3456820423998141
0.7297969075428983
0.04855054226872188
0.04855054226872188
0.04855054226872188
-0.9623753010657601
0.38779135344431953
0.5689087196892195
0.16083946016252484
0.39616370211339785
-0.3672534314884127
-0.06632936005627897
0.0399903583328864
0.0399903583328864
0.0399903583328864
-0.16172661329755156
-0.5016268706644887
0.6973214686647318
-0.08558498827436777
0.37714823844798623
0.7186636028262594
-0.7964620155098343
0.005230073864993727
0.005230073864993727
0.005230073864993727
0.6786144276662882
0.9273677228626424
0.061677164290433975
0.8098409651280224
-0.24175136554563856
-0.20368314980501268
0.8328267500069172
0.06140966424803884
0.06140966424803884
0.06140966424803884
0.8537903830690122
0.02771753371812491
-0.500116624031384
0.39166334037646616
-0.7849680887706126
0.9886549591556756
-0.9049296756797849
0.008459467749975575
0.008459467749975575
0.008459467749975575
0.17888537684304107
-0.23611403714252288
0.03601589469756337
0.7505440203981911
0.615986275619642
1.0286906441926649
1.0079478695127866
0.06511861011186344
0.06511861011186344
0.06511861011186344
-0.19079055904364606
-0.8011554385376465
-0.5004643089329339
0.46340161941385116
-0.8111443769744027
0.45402933206972224
0.8561744327062074
-0.020490793435475788
-0.020490793435475788
-0.020490793435475788
-0.24261121652033774
0.6140061337899692
-0.8290762188543276
0.0318927755689125
-0.8485092339625645
0.1868640025941848
-0.38578052763941256
0.019112690348028833
0.019112690348028833
0.019112690348028833
-0.5052699074024098
-0.42026636402583356
-0.826498124558359
0.8462335152852738
0.9930862345179609
-0.43322969315828097
0.3158781549340584
0.07764669314906182
0.07764669314906182
0.07764669314906182
0.1708807511624362
-0.740314251073882
-0.03354782757815674
0.7392579005879737
0.3298737933331527
0.07201695698341187
0.04328631453780686
0.050710834898829146
0.050710834898829146
0.050710834898829146
0.14259849189993204
-0.8539280028215716
-0.6652230057979232
0.5832163261852971
0.7877664737688347
-0.7763450406150287
0.3104947661938679
0.026037662384151745
0.026037662384151745
0.026037662384151745
-0.47340993207555426
-0.8141517517482606
0.5729251774117848
0.6159546418990386
-0.4025127734390185
0.2850696452754536
0.4532729765324676
0.12639556012946673
0.12639556012946673
0.12639556012946673
-0.9361929846751345
-0.23816841472085126
0.4053607220983281
0.36752392541553025
-0.4301719805167284
-0.6871387938540963
-0.6765748956649333
-0.048688501357603824
-0.048688501357603824
-0.048688501357603824
-0.25015807037322085
0.8445967333959529
0.8540980586665651
0.5284459808406778
0.5609943254112828
-0.01510987352748471
0.5112347766490004
0.020960125616789723
0.020960125616789723
0.020960125616789723
0.8000166925685146
-0.9937042283432328
-0.7523177797676314
0.38141566857860043
-0.5527996288952051
-0.2952430105539141
0.6492753562765289
0.03134500045388909
0.03134500045388909
0.03134500045388909
-0.44753822833048856
0.9614360784401161
-0.18487894399736785
0.49114619047487207
0.8761375016869196
-0.23340396614883338
0.9604488084078868
-0.013581819042389809
-0.013581819042389809
-0.013581819042389809
-0.6784123737059702
-0.787933247218254
-0.1181447199155674
-0.9838194515663212
0.621236097932717
0.7796628792102019
-0.3153210974247061
0.025374258107590007
0.025374258107590007
0.025374258107590007
0.2577100981681118
-0.293800620657229
-0.22055673366449335
0.9934744693139387
0.07175655225602698
0.5727772770050582
0.41898219058891145
-0.041085859337073684
-0.041085859337073684
-0.041085859337073684
0.13088276677926686
0.4264016235798233
0.22453640889490242
-0.20257317155501586
-0.16761909066459918
0.470594981053795
-0.3153386707173893
-0.05652184984622815
-0.05652184984622815
-0.05652184984622815
0.27851375180785337
-0.4495698250138144
0.10086425396242822
-0.9833395778360935
0.031778922902764156
-0.14658428063413972
0.00551362574890533
0.06834197635964528
0.06834197635964528
0.06834197635964528
-0.22595003905182917
-0.8642118472790646
-0.32751227293832846
0.7429031554986021
0.4393706702279119
-0.356042278841122
-0.9368559050092267
0.06985282951808261
0.06985282951808261
0.06985282951808261
0.7033317056612312
0.11494221339473784
0.4747524411889987
0.510354015632077
-0.46728518007693937
-0.38774215747876
0.05802529493607062
0.002742136735126965
0.002742136735126965
0.002742136735126965
0.9802074304448849
0.5738344673215767
0.26272162314285197
0.24975798826042525
0.7918530587677527
0.21166891710471836
0.8265295575272915
-0.049246304529717365
-0.049246304529717365
-0.049246304529717365
-0.005937532881173803
-0.2835594319103069
-0.4267793135969084
0.20707121754987395
-0.2813328075752923
-0.4861912143587076
-0.2978141025643513
0.06314444136013037
0.06314444136013037
0.06314444136013037
-0.48658690912828967
0.5912821924848957
0.39702868833197524
-0.17130906523205525
0.47194688992220657
0.0470771865876555
0.8820207993890503
-0.01378221295694978
-0.01378221295694978
-0.01378221295694978
0.9937380883328881
-0.2517379950323129
0.6905892226882263
-0.5689705064369087
0.5718325944281393
-0.6386219843276072
-0.8541633273484064
-0.023100964747480676
-0.023100964747480676
-0.023100964747480676
0.4107268902872579
-0.1175510114176685
-0.8183484215455522
-0.5567320433170689
-0.31160893217291374
0.9719905107532254
-0.5379255784735907
0.055647106436142124
0.055647106436142124
0.055647106436142124
-0.9331990550472881
0.9800248888794088
0.8353000005119142
0.626366224672633
0.7593869197674984
0.5340123507896187
-0.17814297524541467
-0.06448151630477665
-0.06448151630477665
-0.06448151630477665
-0.23039245615366225
-0.9345757787036706
0.09963456586590591
-0.43849234738278525
0.43360473344181666
0.022603618627316434
0.7248030342450309
-0.027436998138475624
-0.027436998138475624
-0.027436998138475624
0.9884401949669364
0.3956299921348574
0.5954267044494312
-0.876883950843871
0.7795902207789502
-0.4645753935761463
0.7721103414259978
-0.0526855866756106
-0.0526855866756106
-0.0526855866756106
-0.4338069271186296
-0.727463271542131
-0.17688268541418384
-0.15670172179075378
0.20698461201379292
-0.25928035618548745
0.007980463656205125
-0.1733738630351198
-0.1733738630351198
-0.1733738630351198
0.1482116776612832
0.4389041310697439
0.5232225096829789
-0.9449673453512977
-0.1712859229972998
0.6975186336844904
-0.7386467006213371
0.053192285540508796
0.053192285540508796
0.053192285540508796
-0.7046274301097324
-0.6450705802558379
-0.7646559527100046
0.2912004313911282
-0.6410349415527599
0.9881932769112302
-0.4720193425337108
0.057220107133776024
0.057220107133776024
0.057220107133776024
-0.186984403097329
-0.12855096773431982
0.9151085209814137
-0.4055425076791354
0.4256506419545783
0.9344233549241685
0.0063928635076114255
0.09642239595365788
0.09642239595365788
0.09642239595365788
-0.5430661482891691
-0.2832019785437205
-0.17046969262534042
-0.6250221850011836
0.7453708537606999
-0.31404214517687323
-0.9754372371694608
-0.01324277634330244
-0.01324277634330244
-0.01324277634330244
0.20757240393191412
-0.058134477690589645
0.7162702332387385
-0.8123097325512417
0.1842469505653198
0.30157426748595323
-0.014552391852799764
-0.05740364699575719
-0.05740364699575719
-0.05740364699575719
-0.42957680498155665
-0.3695358172515023
0.15845641634809116
0.8855703018730714
0.09049709243536144
0.9381470176861753
-0.9783005356294315
0.15459706310108945
0.15459706310108945
0.15459706310108945
0.4449704118023796
0.4505212001171715
-0.7993494357535604
0.9020422645675144
-0.27113574313464495
-0.8903388326962737
-0.1628943283625935
0.034040089409616656
0.034040089409616656
0.034040089409616656
-0.3687067731114965
0.4326927745417106
0.7071258121993301
-0.8139325273931459
0.8380689187740533
-0.9034585493133385
0.43401705246923195
-0.10631541475257342
-0.10631541475257342
-0.10631541475257342
-0.16460739258207183
0.3315637735163994
0.033027297432110324
-0.623072820611759
-0.5959564818459917
-0.42564454360618176
-0.8882235509575094
-0.29636643059340734
-0.29636643059340734
-0.29636643059340734
0.6896740931549478
-0.6231889829946171
0.44790462007195325
0.7072350917580034
-0.7052560851847934
-0.9536902845594709
0.07908693351886077
0.06593670836815367
0.06593670836815367
0.06593670836815367
-0.5781331080414688
-0.6731232703160759
0.4662948479724934
0.6073176848066972
-0.5934242923561721
0.8100656383360068
0.5458006026275027
-0.019511912199836258
-0.019511912199836258
-0.019511912199836258
1.0077345808794616
0.1217998593105633
0.9866772763225152
0.25970010384801195
0.08058686000874915
0.6660102134842469
-0.9105671183164552
-0.007657691411887968
-0.007657691411887968
-0.007657691411887968
-0.27278575657040166
0.597580121342144
-0.7720644960544433
0.18860307495429388
0.36722079680385866
-0.058623272767272326
-0.5281055381630789
-0.014341755065213738
-0.014341755065213738
-0.014341755065213738
-0.7706891274482935
0.4153278055670781
-0.869341307883509
0.8948914343572455
-0.6739896945985729
-0.08243702719648845
-0.4708538257980183
0.11357582994735707
0.11357582994735707
0.11357582994735707
-0.9459829437744772
0.8913198770189256
0.8648186212550875
0.1878995666841415
-0.2159519130406325
-0.662553399135285
-0.7144580300602079
-0.0376835225371426
-0.0376835225371426
-0.0376835225371426
-0.07888547911547121
0.8188014451061725
0.3429061013487759
-0.7333171183442041
-0.40215429720947965
0.6850392432306741
-0.9581406618249926
0.047283690346425954
0.047283690346425954
0.047283690346425954
0.6758147085711624
-0.6832808470184785
0.25202035064073736
-0.6652419238064177
-0.3779653718032234
0.9265320772387748
-0.28682253814235653
-0.013243230589842753
-0.013243230589842753
-0.013243230589842753
0.20002647711733776
0.35650637507367977
-0.18716444775876007
-0.6236965419687434
0.5545462728067876
0.9130811437690594
0.031912561404083405
-0.03401053473179917
-0.03401053473179917
-0.03401053473179917
0.03986765286387676
-0.4045417967984851
0.5487874550544003
0.6799699320254791
0.46342337784537463
-0.6389141025781021
-0.544930695626162
0.08425669191996923
0.08425669191996923
0.08425669191996923
0.6920325219126642
0.7956673764342274
0.8343282868880593
0.46697173874281855
0.05357435005170003
-0.7077089341778801
-0.8693048161958292
0.0981949288058824
0.0981949288058824
0.0981949288058824
-0.28887271499938
-0.9818461047846397
0.8828281259027373
0.9177486287221357
0.28544486309626355
-0.5068604997726618
-0.9374212335800172
-0.04292437148345414
-0.04292437148345414
-0.04292437148345414
-0.9200765832197848
0.9009569159322022
-0.17981225613151916
-0.14062722812537187
-0.7066140101074693
-0.5310601823000898
-0.33818146651825315
0.00987352428582046
0.00987352428582046
0.00987352428582046
-0.29335388430800086
-0.3255167907754936
0.6241742092618369
-0.235078254759819
-0.6021992825490324
0.8698413453713917
-0.7588707974807847
0.06493977918965924
0.06493977918965924
0.06493977918965924
0.35559530750169366
0.39698677513682656
0.898995454811133
-0.7527412347197934
0.5984029489181598
-0.6409568616247705
0.35898745132553816
-0.03230591696492695
-0.03230591696492695
-0.03230591696492695
0.4056796516352756
0.398399990409578
0.38559452050486004
-0.47711342568658616
0.857136100880253
0.009094877432135318
0.6902225668662633
0.1604048607108653
0.1604048607108653
0.1604048607108653
-0.9679370565620354
-0.2801517300972455
-0.7076411706075056
-0.21251496169044432
0.999892020258254
0.5911319988039575
-0.5467346692939345
-0.050054970722824874
-0.050054970722824874
-0.050054970722824874
-0.7753644721398865
-0.8609524533419638
-0.23954240714158548
0.1703840966099537
-0.04464602565145363
-0.6822651130885564
-0.04519501969137912
0.021293553476806518
0.021293553476806518
0.021293553476806518
0.8710506301119946
-0.12692701199310966
0.17886938080435363
0.692593539796268
0.2611838590802834
0.13401774654829404
-0.5194097398096938
0.010151776589777561
0.010151776589777561
0.010151776589777561
0.7723767780781683
-0.9306818825429639
-0.3661485950078945
0.6923737400951758
-0.8513898034280206
-0.8002188103942466
-0.8808170224982558
-0.12102091857836972
-0.12102091857836972
-0.12102091857836972
0.6942591346048246
0.7529172245911274
-0.3432122285187553
-0.8189152669047344
0.18638150992355143
0.6454030555594548
-0.4957312542175675
0.16659305054107132
0.16659305054107132
0.16659305054107132
-0.05250883617486234
-0.9799509899806171
-0.008324389645560752
-0.5980746279916012
-0.04418936360319183
-0.8881465268147014
-0.07030335304947526
-0.03339425977420713
-0.03339425977420713
-0.03339425977420713
-0.4879916444674748
0.39034456409584567
-0.4898511383898979
-0.19427775203344433
-0.025852142388583077
-0.21116553541136399
-0.8404278695287484
-0.029445967617998142
-0.029445967617998142
-0.029445967617998142
-0.4493002340254341
0.06334610483778957
0.47283958308808394
-0.8502646429199973
-0.5720833089061139
-0.8322821797426463
0.13268435368682835
-0.17594799100377212
-0.17594799100377212
-0.17594799100377212
0.3632861966717296
0.4321167802632196
-0.8427775011195352
-0.21853095037973608
0.4080840417903502
0.38201924814372046
0.2639219081899225
-0.0079408112903476
-0.0079408112903476
-0.0079408112903476
-0.9560287610195729
-0.7434765266516222
0.31302949582135997
0.8756712028074702
-0.03401294226425695
0.8518876065554857
-0.2987413471117801
0.15426707921514307
0.15426707921514307
0.15426707921514307
-0.24300791192322593
-0.37422659741074393
0.7356495351624028
0.9469657358926499
-0.13474012255997617
-0.3742304585497236
-0.30910007465164197
0.002998347090105821
0.002998347090105821
0.002998347090105821
0.5846330325580532
-0.9667688304296214
-0.6555465392139339
-0.5929151250491019
-0.02463480842622711
0.678385111876939
0.2482686710664143
0.041429142577009706
0.041429142577009706
0.041429142577009706
0.12732777918829227
0.12865646897262178
-0.6860643570917121
-0.3574808000890157
-0.5250920586800027
0.7051655374000382
-0.6308781353483964
-0.06537017536438951
-0.06537017536438951
-0.06537017536438951
-0.1477548663979671
-0.1594525674879379
-0.5816290927012441
-0.4247324160871909
-0.006572282913217933
1.0049716923977026
-0.6022917747814557
-0.0036703903428301353
-0.0036703903428301353
-0.0036703903428301353
-0.53496218102463
-0.9427731595372927
-0.615106277176638
-0.8892222664849311
-0.6467543271399434
-0.5763851638639372
0.23232019298256998
-0.18646244892784386
-0.18646244892784386
-0.18646244892784386
-0.34209489650535513
0.8456980705396407
-0.507186107004707
-0.5707844174191401
0.46283122037653474
0.9127163685021076
-0.6948910333267622
0.034041410507171514
0.034041410507171514
0.034041410507171514
0.14406892442986852
0.03203286404958534
0.93567697274575
-0.26428576766873163
-0.9654555865094652
-0.31826214158541805
0.5961108744036331
-0.4483259214429965
-0.4483259214429965
-0.4483259214429965
-0.16639287982750028
0.8397326809502956
0.04746975753705071
-0.6594120252012977
0.1765815425514715
0.15896589314549192
-0.7082579604390978
0.03496627832886807
0.03496627832886807
0.03496627832886807
0.32628277998759514
0.4525449665124629
0.5096742380376511
-0.336643846982689
0.13422461650966075
-0.7693143303837404
-0.0264490037350815
-0.0035897745061858194
-0.0035897745061858194
-0.0035897745061858194
-0.37807111068082183
-0.7639353763378465
0.9694041252115414
0.397919130403256
0.6283721275703837
0.23633085263780454
0.8250894873876278
0.12874808616479316
0.12874808616479316
0.12874808616479316
0.8269713961255325
-0.7919381883459053
0.6440103626516235
0.04147277536719761
0.6157272491029713
-0.7627098287003202
-0.20479846669088186
0.004976803315143429
0.004976803315143429
0.004976803315143429
-0.3881014863452178
0.15039890420945884
0.7862319681965511
-0.24212858353008013
0.572249206290295
0.20265973478258015
-0.7152342901531089
0.08226803383196532
0.08226803383196532
0.08226803383196532
0.10499809066230988
0.4344860337843405
0.609153016778676
0.19263625951661356
-0.43967729164036273
-0.9298451087480462
-0.7774676390718196
0.0821197705382318
0.0821197705382318
0.0821197705382318
0.40355388694461697
-0.3437664521312109
-0.3302395691103148
-0.8630552616271223
-0.8147814794182814
0.6171129949325515
-0.4378903379768007
0.10677868591344732
0.10677868591344732
0.10677868591344732
-0.43596393710435283
-0.44641482369929103
0.04947784286254934
0.08995877635401786
0.5207459465344054
0.7777564451397517
0.23912479575450668
-0.012116231341749701
-0.012116231341749701
-0.012116231341749701
-0.1470099756764719
-0.7461788696557105
-0.8940413816812374
-0.5748070759290236
-0.49760286914897184
-0.9062507774252974
-0.0059359712297665495
0.06105914047755319
0.06105914047755319
0.06105914047755319
-0.614567039728052
0.2549085729526427
-0.8540878754952236
-0.002529268035330769
0.9598106991166392
-0.5690647961136576
-0.9973256514389306
-0.3279764655890652
-0.3279764655890652
-0.3279764655890652
-0.43598951878040976
-0.18135826377064046
-0.9994837202971396
-0.7682847501190861
-0.9734909177632174
0.39533763989990267
0.28417405543550034
0.006246170120539227
0.006246170120539227
0.006246170120539227
-0.38428795352513223
0.8421644747616257
0.5996468374402699
-0.30456379643926135
0.0146185220191293
-0.9794217965006838
0.309926054535431
-0.1699462154175459
-0.1699462154175459
-0.1699462154175459
0.019661744779925633
0.4338220382936104
-0.8384352924772586
-0.10289116936420618
0.9132294619714665
-0.8367808108156168
-0.30861948162962693
-0.06250201605929943
-0.06250201605929943
-0.06250201605929943
-0.4992783987461005
-0.02240518056182669
-0.05053128058825427
0.4619009048001127
0.356361682394452
-0.004401308804373006
-0.0005553553825467575
0.027158201301141868
0.027158201301141868
0.027158201301141868
0.472958645606718
-0.7567029086679304
0.6895110092016719
0.7540088344503386
0.9129429068825985
0.3237098805784247
-0.7260805871572186
-0.0838338140115479
-0.0838338140115479
-0.0838338140115479
0.08790358724532761
-0.009414298102743175
-0.29937050224764855
0.3945832615318746
-0.37073571864340343
0.3371762028877826
-0.4262752912687341
0.006535639747713938
0.006535639747713938
0.006535639747713938
-0.7871211639481528
0.6227349351573069
0.3702488263472679
-0.07255258203703005
0.025888652632432334
-0.7651159238671901
0.21659515447594746
-0.039074553014413
-0.039074553014413
-0.039074553014413
0.9047129136184543
0.2822282007068059
0.7791238529017391
0.814077182998674
-0.21353424860554968
-0.1848093872990303
0.666547494375738
-0.0463099108260373
-0.0463099108260373
-0.0463099108260373
-0.22000934344196466
0.8686731955041789
0.9307321131904235
-0.9874889472998553
0.8831152336316083
0.3484221676165179
-0.11066230244855448
-0.00538483192933632
-0.00538483192933632
-0.00538483192933632
-0.05925715655103325
0.6932030927111086
-0.5295841803163984
0.27961357622868527
0.9991919924775463
0.12704718428598014
0.9728454792000477
-0.29420253680972686
-0.29420253680972686
-0.29420253680972686
0.15175434076793784
-0.3502740643983694
-0.1207793403988615
0.4399793597667451
-0.6857878367094574
-0.7871276016510542
-0.38371842746947266
-0.028163680516631585
-0.028163680516631585
-0.028163680516631585
0.8728494282419322
0.4652515691177336
-0.7803544942839344
-0.4703424464378132
-0.3239597033656062
-0.3282630398770408
0.09085762853876848
0.011652513898674055
0.011652513898674055
0.011652513898674055
0.30881084226092526
-0.4419741536025463
0.7840341725750966
-0.08624460124913687
0.8460892255693498
-0.45178944448778674
-0.5667638800977748
0.07196954210695994
0.07196954210695994
0.07196954210695994
-0.2174383766080562
-0.9049514398580987
-0.4265560052588493
-0.4367182979941929
-0.800779717190026
0.288130400141201
-0.35082991076228953
-0.05964166196162349
-0.05964166196162349
-0.05964166196162349
0.14307943765301737
-0.8172997410322415
0.947777808472584
-0.19528175051128158
0.4587710813775303
-0.5756657429303909
-0.1255646175931056
-0.09639673937565213
-0.09639673937565213
-0.09639673937565213
-0.3371731463608695
-0.13955961746374315
-0.9887071378321205
0.36493301951842066
0.0055712431878212395
-0.6722426182231697
-0.03360105638804598
0.046688548004577154
0.046688548004577154
0.046688548004577154
-0.469639979071351
-0.6111233699750573
-0.37043335783260584
-0.5777408337829161
-0.14104907928154603
0.04391705305790746
-0.5699664182252566
0.11102911280279112
0.11102911280279112
0.11102911280279112
-0.39158198752531254
0.9893152917888427
-0.770630975076514
0.27751724094959523
0.9704015687479214
-0.20376604088977407
-0.563047133229135
-0.03711476829040288
-0.03711476829040288
-0.03711476829040288
0.5597021354743615
0.8599758398956462
0.8167978654901629
0.7269675778307572
0.746060608532727
0.6867255231802483
-0.8463044940887726
0.005029760485643773
0.005029760485643773
0.005029760485643773
-0.18986579902971856
0.3476554210350397
-0.24898914268204497
-0.3788164388683239
0.5916621623037414
0.44759635674486375
0.15626344932043804
-0.10099791884339643
-0.10099791884339643
-0.10099791884339643
-0.2717175096495555
0.32746307969501304
-0.06319875916343604
0.17457086399822663
-0.005475226074701557
0.3245317002721826
0.30987969064731746
0.012163798813787818
0.012163798813787818
0.012163798813787818
0.8279923228851076
0.07215897997014593
0.4602488059829444
0.01727483394583323
0.9193458058995696
0.9511125011763982
-0.17280851472923062
0.017271876319633197
0.017271876319633197
0.017271876319633197
0.797314518182472
0.2334564968358676
0.9683503174048705
-0.09110620013018629
0.10622894299061723
0.44191231668859116
0.6281897589855608
-0.02589752629076347
-0.02589752629076347
-0.02589752629076347
0.3403715357443071
-0.5535600765532516
0.368839322245496
0.2563260634328027
-0.6033824075012126
0.8285719446979737
0.7561177079012711
-0.06806716468904442
-0.06806716468904442
-0.06806716468904442
0.7907706527679034
0.3272995667694115
0.30999209269206174
0.9591292218002946
-0.9423049701011956
-0.5520044429262249
-0.5545604323125127
0.04037296347902905
0.04037296347902905
0.04037296347902905
-0.9277886643368599
-0.7648626644734524
-0.7961373308940649
0.0819141347685576
-0.0667572732550282
-0.23691924996656963
-0.17309771653456094
-0.06535164728032425
-0.06535164728032425
-0.06535164728032425
-0.7798579110054895
-0.6066596156419137
-0.05938499803002112
0.9708429392273102
0.11502041017153107
0.8044975322905773
-0.5682002678044453
-0.10257729989573659
-0.10257729989573659
-0.10257729989573659
0.8973102597384023
-0.26579607473028155
-0.1260481355067947
-0.7090815419911503
-0.06328248920927404
0.2466220009668416
-0.4808225588390765
-0.07588146518617078
-0.07588146518617078
-0.07588146518617078
-0.5795872027547622
0.7933200908578534
-0.000800239640380735
0.5827841662506396
0.5824614505551813
0.8587595927974435
-0.36770352113719534
-0.054008031807018825
-0.054008031807018825
-0.054008031807018825
-0.2731484150719254
-0.9359046249520305
0.08522504614404044
-0.35747127099657544
-0.35255167922768144
0.5984463308426724
-0.9209430873843576
0.006444034187135421
0.006444034187135421
0.006444034187135421
-0.9059799922016785
-0.5363925526315848
0.02988935408833499
0.2082763239346337
0.3778493135965394
-0.4559696991727816
-0.43395665970347685
-0.0338630223899042
-0.0338630223899042
-0.0338630223899042
0.0593310292719017
0.25524306099624366
0.19662423996787956
0.009561794750673615
-0.27089042425031035
-0.7197902501897988
0.24856807124386887
0.037211964600255096
0.037211964600255096
0.037211964600255096
-0.4431133814753352
-0.7629685315031248
-0.16629343688284667
0.8426323715395723
0.5430158934014172
-0.2520706991432645
-0.1284981492724823
-0.02149192508155044
-0.02149192508155044
-0.02149192508155044
5.250647428901891
-3.1096937977076595
-2.4720707036675416
4.162281717956378
-3.076404964561605
-2.6564572207131065
5.873389742242164
-13.453021084589071
-0.8929197701066476
3.657508136094867
0.8092623753675834
-5.293713228790411
-1.9141289668210961
-11.573662275663324
-4.258950356080897
-5.622736466722892
-4.433156609841453
2.0851947690185924
1.5161347447107179
-5.7938217494113955
1.2817855530200932
-1.38223115793323
9.063527630339767
1.7145409193868166
-1.518072223829411
-11.255463422467955
-1.6566078901380195
9.01403515881841
1.003759755943745
-10.218015999890053
-5.082033780540665
0.9048572486005297
-2.7456313937554064
0.08242340016201162
-1.032740689247825
-1.8767467910881768
-4.791317774254125
-2.0481274775740914
-5.892862390196798
-2.61812904838259
-2.6859181719062644
-0.03566453771347752
-0.55498971567492
-5.075368469436465
0.03400747867062928
1.318122674627683
-7.619336194136318
9.443041693890304
2.280569481495762
-6.4404829895157185
3.0256547251507007
-1.8537999621038852
4.876917815544856
-0.04563835644922496
-3.18161690439164
-5.474137509425157
0.5878423256561948
1.6988369109554504
-6.38675629764419
1.4063584286232798
1.5596715731797868
-7.507015044311026
4.46213841280122
3.5658475520622663
2.4559587502934805
8.431369545862108
-2.4764274911718136
-3.784721674602417
-6.849010471381713
-0.21637694999034673
2.054075335396017
-11.369747262551092
-3.0927398235168524
5.558133097379624
14.73032082019621
-3.7933770903922945
5.265300769075829
-1.059994189864042
-1.4843465968940552
-9.066215417821
1.2915649165660195
-0.5530003912475449
3.688942930526998
3.1140341023943487
-9.406484354756808
-8.108945996604888
1.6714750069465556
1.2456269571123206
-5.923155131140519
5.3655654358329485
-7.289784768369444
1.30540587322242
0.67376799772504
-3.2207331732281137
9.360850298054231
-6.6457206465139
1.5195594064856062
2.0573265481033642
15.253971690923699
0.1474133020200048
-13.272688958633271
2.9352095077138443
-1.6116236071043732
4.254420584399066
0.027123569453718212
9.250570398373231
-1.6147096350570556
25.187125940911542
-4.704619436572029
0.5814636376915392
-7.558117457958494
-1.844470280962649
-5.89196452566524
-4.598908641798372
-4.503198991655087
-2.0079396482380045
-3.7493796429295365
13.143404912095948
-2.6071622580869365
6.8325843286582195
6.223316101581171
-4.22227094413111
4.682171808313742
0.18523915720855375
10.916304221710181
7.718354722729031
0.06512921731105792
13.519389831088347
0.41802376146575265
0.2638942644342405
-5.6581414788907045
2.1411928231621618
2.1315641287882405
-1.1558697739170558
-9.14526502187717
11.154918892671608
2.595858477947566
7.661973470735525
-3.891599070165095
-3.577192190906251
1.8509440687858907
3.285355951412919
-0.1973136108323184
2.991383835297225
5.104941831959582
9.81124699409498
2.040151030889834
0.27874888940699344
0.18956173105014207
0.30996435616936596
-0.0008270712219504077
-0.0008270712219504077
-0.0008270712219504077
-0.30154955403540773
-0.14148762083308672
0.6622943840125485
0.2699301070214297
-0.3736296262383945
0.4660340151381591
-0.18913996973148786
-1.6399482882029817
0.21891018268769052
0.4373951756502816
-0.9730767678645598
-0.5461744238234274
-0.3655511321068221
-1.6571058379598966
-0.10801159999570606
-0.3677451219371304
0.7151064083664734
-0.6013746737049659
0.46212592658083973
0.26888065221984303
0.48045390599963544
0.9540602994316767
0.8053464507822331
1.2056092759791661
-0.8571742719622605
-1.13967136114437
0.5100350833109897
0.22457821107064693
-0.3627421066689063
-1.2543390612905472
-0.27124615100236904
-0.6680511502349055
-0.7272335872429159
0.4899146881234597
0.46685594636069594
-0.28972557399998466
-0.954666656176097
-0.8630432851444483
-0.26015256933988784
-0.8543158572849763
-0.520629539558636
0.9997312822934822
0.11469261812122887
-0.8516740829306272
-0.823195618354423
-1.1201800415852166
-0.2567946209813653
0.6490843931464775
0.8232290209411096
-1.2942864067793478
-0.8762282154106399
-0.08715258724030872
0.22756759730803752
0.16642964471224586
-1.5201263291469764
0.7067740554016978
-0.21895668474227015
-0.40041923427523246
-0.013958936524105582
0.026295888806694954
0.2354068068482875
-0.9082374861925658
-0.1942516697987242
-0.23902394004768673
0.4270083264368853
0.18279326842426005
0.07765761147550572
-0.7799510704931607
0.3598341550103647
-0.16731242409157565
-0.1135585329509158
-1.3088401689420224
-0.8070864545960351
1.5935875109485749
-0.019201190285732056
-0.799541977976926
0.4604281494750509
0.16253162727093207
0.006849202107610787
0.34383110270582723
1.3507059177759462
-0.16032107387582195
-0.5901323395890383
0.3032969548655103
0.2706936671348679
-1.442903004916449
0.045921361748569874
0.5111355752480781
0.3067219892471765
-0.23598335021408598
-1.0582210078006027
0.49229999630256593
-0.7661634334171655
-0.37877531756533517
1.1001312613155598
-1.3427453867139947
-0.763006056925996
1.3856608077828092
0.2975668637541841
0.16814410132857946
-1.8838435061105072
0.02730387680212968
-0.3728248311784477
0.06226487218863397
0.0016233386368813543
1.0959798295648946
0.8306310254844386
1.169512628812299
-0.3940814527863143
-0.8969828423019809
-1.2451081980291767
0.567295100661866
-0.40390637650522176
0.44034439524734054
-0.4118173419658837
-0.789439356830219
0.10566183424319323
0.9601419360319081
0.8822381720454173
0.08878252471296902
0.6055710877462065
-0.06155760225597637
-0.11699965932998359
0.8078916436947188
0.9142955363739996
0.4546185485718615
-0.06409986691625007
0.4761877085502253
0.5204187437025142
0.053458660933916366
0.18490173055187328
0.20578474977485342
0.9164769713908861
-0.12972710421196768
-0.5736043054096072
0.6605238204292686
1.259441755385066
-0.5304664328343228
0.24337098146452063
-0.24745960021550945
0.22617983529779812
-0.23939686442577568
-0.7503972398132823
-1.2508067955455158
1.0887742936828055
1.0145241542882963
-0.2181367416212262
-0.678630173278686
0.3247247595882958
-0.2932058867784402
-0.0023618232109285063
-0.0023618232109285063
-0.0023618232109285063
-0.7230065287153984
-0.695052629458767
-0.15090800476708932
0.47006624598769614
0.7949493954965599
0.11532160713578612
-0.520991938356356
-0.3440389902632093
1.0301304520884198
-0.08354706824118206
-0.06518689572911439
0.4037060185743081
0.5926672581242236
-0.15078207963083953
0.1091741300836639
-0.34311603181181183
-0.7197294763449088
0.2464531051166271
-0.6978843994126251
0.6174754797664105
0.8185837499799481
-0.6277635262908319
-0.36293650860993115
1.0385264775878889
-0.8676282158681952
-0.09685732977213501
-0.7645918476424255
-0.0837439956766752
0.05150945057025839
-0.10053200906349999
-0.10232863601438554
0.44148109572295846
-0.8275976506804058
1.0112787741926148
-0.773498952988298
-0.44251873311485224
0.8940359064422552
0.10069914858799771
0.7694905657465728
-0.9514053253662276
0.6971851920860243
0.0967924320746247
-0.026705381035049162
-0.7177285293907308
0.6565364752902779
-0.07367545474639785
0.46835021749610456
0.5962068063116993
-0.4856129974402451
-0.8446195627179864
0.7227751401432478
-0.48739295676851474
-0.5518602595602874
1.0546375009731503
0.6560989482756582
-0.033618352894112996
-0.040277617803168526
-0.7231970281669543
-0.6239096462226909
-0.8311685664896958
0.8682009188533022
-0.5176669570199395
0.8951400672959872
0.3634572628243256
0.7035005557043554
-0.42948874121730074
-0.3434539241245491
0.8936086676357653
0.004553267866409205
0.23193009979469514
-0.2662004232476908
-0.3805635173022166
0.632740232900662
0.519656508662213
-0.598529406750777
-0.4792435789498828
-0.3909971610239053
-0.08851462182929225
0.13557193955712157
1.1838593328618747
0.6610480646555769
-0.09213005850816107
0.14228450888827363
0.9293847228086523
-0.6786576468018142
-0.122406218708873
1.067907292833607
0.5482534824685451
-0.05117353141984913
-0.1810882810354999
-0.15395623434461697
0.10572494230664749
-0.3923512376694601
-0.8474988840018314
0.39760349173327275
-0.5805957319841857
-0.6008652474745347
0.5045078322382273
0.39699155466674885
0.514010887830379
-0.7191005332955552
-0.40734735099566405
-0.5585163995095118
-0.38250979103607596
1.016060102261992
-0.6765774209398207
0.14133691119714833
0.01588399265792136
0.13096567481800406
-0.429010399878045
0.3497110524635503
-0.2555607039942503
-0.30976752699720345
1.1333349204328185
-0.4204213466886001
0.3106792014189323
0.01644475531344509
0.29867473572521386
0.6237511030963575
0.5341268171928881
0.25696393260436234
0.3965270934046074
-0.4738605667105784
1.0396596882805202
-0.6433189928374833
-0.15947555981248124
0.46878036879269924
-0.29735940127288585
0.42571391359112776
-0.8060660821097172
0.29264632697299353
-0.6369919579486862
0.06506180863456049
0.4858286354454463
0.35077374868317246
-0.4093660218128854
-0.686348183151385
0.5524617353682513
-1.0099135114469466
-0.3512739913110173
0.40808364859872354
0.21233301445395866
0.2776831383955813
0.5143244615336692
0.3325165317103918
-0.6446864409958125
-0.26549631213553027
-0.5476166505687812
0.5419232950309992
0.11987936964266942
-0.0028037009309565836
-0.0028037009309565836
-0.0028037009309565836
-1.1413244172910457
-0.05976140183974845
0.26134990469985464
0.6287229506333747
0.8358077766165137
0.8316161297936464
-0.394318109413984
1.1286014088470988
0.39879200395893183
0.5646014555301055
0.42325576141503846
0.2587289485064729
0.14685789557615705
0.691971823851233
0.9590887864101025
-1.0498027389099676
0.7568597982674105
-0.25640688356308017
-0.055366400088219025
0.10522826626457601
-0.2982598251876134
-0.23738988716423692
0.12409718528994493
-0.03601877831498419
0.9075081629181454
0.39320875658600646
-0.3052376610022397
-0.4457871533169457
0.29936668873110167
0.8574561844494762
-1.068510846339247
0.5417762946361546
-0.7636724348682076
-0.5119926013493826
-0.03510040953837978
0.16636035367314778
-0.13191003432147322
0.3414156695541133
1.1263762889620619
-0.9753118196305103
-0.17111239541573336
-0.21440416974757412
0.5602706956226322
0.3116903300096691
0.3446358387063807
-0.32377517308627646
0.010422830635461412
-0.35338464334984915
0.6956212584432229
-0.646780306527941
-0.8062395102046088
0.7265797291175387
-0.06349772186686356
0.29182641364042367
-0.040330668459745235
0.8722261387336272
-0.03892622990077613
-0.7821047557248547
-0.8542365418699256
-0.8631207609448679
0.46291008486256835
-0.49667778106413607
0.759261260847446
-0.18133627170763011
0.03148629411493007
-1.1822578790908855
-0.18569419923018946
0.6656869394193242
-0.6638347868112082
-0.2458163455048829
-0.2356221751804293
0.6940507988425813
-1.1640282503859567
0.14728468565886055
-0.5735575301509346
-0.1623934234010549
0.6698794536091628
-0.14361506991791145
0.934340648216122
0.6593303004305411
-0.7981919830987204
-0.2870918796398534
-0.1507673906826216
0.5033661597597641
-0.4731868360556376
-0.6682776149034985
0.09550960404558162
-0.6815894737984235
-0.38469356237266555
-1.185597685918949
-0.462649509620987
0.034019085943389475
0.3329196820444073
-0.33538396519960906
0.739333230172499
0.6348960399029762
-0.436529832614181
-0.4383199978582285
-0.5620665247033284
-0.28343185839229773
-0.6937632709870871
-0.41461156129974924
0.8498671990525116
-0.5789323572480953
0.10444408204971849
-0.007203120567861514
-0.6499692114892213
0.2760652882761882
-0.8441454779233093
-0.4705376291140888
1.0670585057956286
0.17793081060125568
0.5255188161333905
0.6219453455653408
-0.29273220811949224
-0.6997733080739409
-0.3770560146158427
0.5206094838920613
-0.5239724311390849
-0.07355423712946861
0.6559443295610273
-0.015288847693867456
-0.275746797496784
-0.34928549853887114
-0.9146534091150776
0.1041226611896381
-0.5050978315268951
-0.12011742669714003
0.8646296183816616
0.638620422835411
-0.06616457015564293
-0.11412028841055694
0.16085888133711643
0.3855671446051437
0.19357284703673194
-0.6376382754944311
-1.3026853602181592
0.21737106809366635
0.7048545113447846
0.7498913156215148
0.9580722368952415
0.14608792221994504
-1.0130205341230032
-0.37007562329686083
-0.06393225659957368
0.185457625531837
-0.9172792405948171
-0.8970816308426859
-0.5890879580115479
-0.3563908981654965
-0.0028247446865769903
-0.0028247446865769903
-0.0028247446865769903
-0.7517416981604244
-0.6855603965172979
0.8461180413486111
0.3044622687763224
1.4111189916885218
0.5632069600105675
0.7915701855773078
-0.5475571906369552
0.8860917479849657
0.21708273086167326
-0.33353539013066047
-0.11417570469022438
0.3778072711092088
-0.4246299839345274
-1.2436482978036774
0.117911324842814
0.8912967173280597
-0.19421309266622824
0.7998812702478677
-0.2850934486362014
-0.569834397365896
0.4208793362149302
-0.1886674558971981
0.42531304871979275
0.3326215330484034
-1.2251618998644922
0.16047438428050784
1.452451135636316
0.4259592696472285
0.5388953874503672
-0.7069508174756651
0.9744723070578846
-0.31287287436669636
-0.348627690756766
-0.40501216684276287
-0.6822571952426605
-0.8631771433283691
-1.1661705953935761
0.6126246828998958
-0.5711989616705824
0.4324708956026363
0.954733393828479
0.18585104532335794
-0.23704404382531982
-0.5722433817861099
0.8381529170981665
0.8935797966265743
0.615973874661205
0.11558690868315355
0.6069016257009813
0.8243325027360167
0.6552579098144989
-0.016436323582529746
0.43608753228844105
0.7807802402619199
0.12089155337593965
-0.04596608188211944
0.9350429292116393
-0.7145768613872813
-0.023049812158865625
-0.5886224084317871
0.17786407551674038
0.6009787717390463
-0.2642421646957666
0.8572443638272794
-0.33027547822936526
0.8131748250928686
0.2384828256350645
1.1392228904213644
-0.032856418190800346
-0.6629370077892437
-0.1062604130260414
-0.41077613119568573
0.5620915412204094
0.354839385734642
-0.37658138984821765
-0.3290665634059281
0.6676482913173971
-0.21234752015130323
0.020716386960445813
0.5159245813945463
-0.7757785912170645
-1.1049442328512162
-0.9465038638061131
-1.0667758282542572
0.5116121263732634
0.6655256189428425
-0.4786171090301858
0.07698050887169618
0.4714165569715771
0.17499940314259252
0.905218720642918
0.10323156921842738
0.7536272385393853
0.4512194727521245
0.5774338064054272
1.2529631163105828
-0.46130980970620905
0.4557016405549619
0.3362894864306985
0.6945617802776359
0.6381105138915533
0.0642222119221214
0.1842545700259542
0.03159304009003882
-0.0780887457826196
0.7505916611039252
-0.991798414237943
0.3464030268359542
-0.9002135454494105
-0.6887564813607607
0.03694444668087615
-0.9735863139379709
0.08375316836725762
0.6142350919110373
-0.5926047746372437
-0.5088601951607067
0.49498054945934933
-0.4904972872250645
0.9927280352426827
-0.23628598421453037
0.0781889367242899
0.1958960104257009
0.6328011671447095
-0.7110408677620851
0.4169410018534064
-0.6188099545294188
-0.08990610848239439
-0.59522753969246
0.6544898384880228
-0.14675247565473418
0.5178939714171324
0.11429048606461445
0.09667024404790485
0.3198380549612294
-0.6463744934221671
-0.9564349834900029
-0.5258612868500807
-0.6901258310803599
-1.283488536601267
1.0136641705429164
-0.020259653071754997
1.4160181542118213
0.808274052497617
-0.4901305178435731
-1.081605539544407
0.6672826479365478
0.12218248326529749
-1.0078650033159753
0.5684627070413801
-0.0011564557786669669
-0.0011564557786669669
-0.0011564557786669669
1.220269304649061
0.5579322161328154
0.7466421527869682
-1.398272421282322
0.2026255970884711
0.009013930480943186
-0.955101618898103
-0.028680803844870362
-1.3365823459355557
-0.43234445923509496
0.5615114885282732
-1.2801267885281316
0.32636358044487757
1.2607597872883114
0.3292872145727532
-0.21466197725123132
1.1180741078523746
-0.8268097139733341
-1.1018274419582292
0.3810556299299978
-0.601198309419546
-0.970501478070697
0.5973555970279552
-0.6062943744082188
0.0510158581295182
0.36672808111178296
-0.7750717899301479
-0.5016597946920648
-0.05418151461653171
1.0775100563337665
-0.8436772910126179
-0.47287902633058915
0.21520639247281445
-0.46485974718498907
-0.6794571184435818
0.22683993662673937
-0.5523132025565578
0.07473184842768582
0.6725030541109962
0.7932069531866865
0.5109422308595057
-0.8554179574982639
-0.3805645695130741
-0.052634397561237466
-1.1725713484795846
0.04541911213857501
0.22637241234084882
-0.1651378936779207
0.2861473056812898
0.08005664213137939
0.06420981802233776
-0.4444724706841171
0.9803859668926105
-1.3257015569822068
-0.025558511508760987
0.09953487877192674
0.8942179343416561
0.25966318515320763
-0.41550420044231756
0.40605381539291774
-1.7256527235831203
1.1867875088346063
-1.2822357417869612
-0.7422667132732321
-1.01930848047359
-0.6779928994795689
0.4986137584991512
0.3676431708714305
0.1513202968319878
0.1190670758211007
-0.6138826343531575
-0.02239997071130806
-0.7242521981289541
-0.4151594145112937
0.026099703992723496
0.6011713701750864
-0.4936657530708351
0.6866966264035967
0.7223179629585821
0.8022794903915734
0.4199988876343631
-0.9139746063703147
-0.8178395919497173
0.7416230541871935
1.3776445889564761
0.46791664834328045
0.27727911518120696
-0.8651729134961741
0.21145895155433397
-0.859071730997475
-0.7276736968016209
0.38869091113360227
-0.06899287395365546
1.3050289033284488
-0.9258137287854358
-0.9547405960241334
0.26039257596091386
-0.8855225360755492
-0.40373143461433486
1.0803983189270738
1.3517082784128616
-1.4070442900846258
-1.3111990914815854
-0.12463390580022586
0.03612423203433134
-0.8622884588100931
1.410137946465397
0.15290649250215907
0.6911736034995735
0.8401371065739729
0.51503871905016
0.6506719878888952
1.341710528057159
-0.7342909439038872
-0.2320889929101076
0.18508487935329246
-0.04010799809221714
-0.6582209413890984
-0.11974125013931293
-0.1376487129167639
0.5903638716769418
0.9919195375721667
0.7563999169332103
-0.5860188318693859
-0.4939631916198802
-0.31095524976661976
-0.2591456235113912
-0.5813176953919841
-0.407544817458914
0.5274335294005095
0.548734984128531
-0.8590122750520462
-0.061438857150707606
-0.2896311118946652
-0.7756307914276869
-0.6279096119280475
-0.8914910233063851
0.45437588586330396
-1.0136597384451969
-0.9042197540269133
0.008645641092758333
1.5281762453531604
0.40111568703707284
0.4198351176122133
-0.49336619591202974
-0.9868053449503421
0.34041125609359074
-0.9826795374207287
0.06461824266866674
-0.34167070077978595
-0.002273641516093535
-0.002273641516093535
-0.002273641516093535
0.9470612765657473
0.7949467905365251
1.1403468945544135
0.5535200585518979
-0.9868941382803096
-0.038506438986415675
-1.0704342877595288
0.9214521215145209
-0.4792252949678769
0.8665511441628116
0.41908945342462184
-0.23048031952920087
-0.09148697433499127
0.23159892673621682
0.41367126900813705
-0.7081630830762173
-0.15619369666057684
-0.2932132480328865
0.7050567356453723
1.0437133547006927
0.8005978315967034
-0.9984236593947411
0.42366726733415105
-0.6334181228985316
-0.4462828166361167
0.30996364685958955
1.0837322173328392
0.17246233964372615
0.6475332770379837
0.5051608228079233
0.6934045372247218
-0.5181933096466264
-0.18341903720014655
-0.7245310375383481
0.6872138129319894
-0.2181821319869408
0.13112625896660635
0.2994772941628455
0.9247254352684002
-0.13619219507149896
-0.1979086977847131
-0.3473371801680092
-0.5282403350041975
0.2630618353903517
0.09443484720662917
-0.6085430438631698
0.024972286895744517
-0.4466848778572702
0.8897356704342123
-0.02027457274263487
-0.18397619919406322
0.31449604604649745
-0.47056152487079284
0.21455528308747132
-0.5831684240080339
0.8796070720151747
-0.4845052224817159
-0.29650863512578984
0.04857846883327475
-0.8220173158758736
0.1575183283777608
-0.3714373091057692
-0.8008584009095715
0.2134185903896526
-1.0240673241014466
0.422789429579878
0.3254384106222317
0.22630669256236052
-0.001110622146692114
0.7164562621556383
-1.2591199909205777
0.7913743784772895
0.43030005368182456
-0.36193839268830763
0.0720708203301719
-0.10200108051531243
0.20229419493305692
1.222655513023964
0.8284767141125724
0.310301847431715
-0.41182426912157283
0.5148969958993938
0.2501021144854963
-0.06491453882431628
-0.2046600725555559
-0.8184343670079797
0.6007986977704644
-1.0548643670077704
-0.816545130947448
-1.17311317107986
0.09598526621607838
-0.1299915154508382
0.33763186344382806
-0.24291202700867146
-0.22602010715722864
0.6440723358219286
-0.6878065718171031
0.6740564004526608
-0.5550517485489694
-1.2589907267653826
0.3230042272696615
-0.09255720725344835
-0.4321932794540039
-0.058916617441811696
0.3666382914998841
0.5993472158139989
-0.2108582314449074
0.12279560170231951
1.0505062415240296
-0.0009387239272144915
0.016908349021183936
-0.09913194053303126
-0.6962466200319455
0.6307355707515675
-0.3059324987193301
-0.2780611388646011
-0.3813175043802364
-0.03011726642171377
-0.8481700630871015
0.4925588940523819
0.22957295598853894
-1.4482053228969818
-0.4910517882571376
0.10594819280292218
0.005800240657757984
0.08807734469181726
0.4108476372478653
-0.8946797225340261
1.3468302917085895
-0.4047476352048151
-0.6183807181146628
-0.253762380825958
-0.5771637247455328
0.1173022178789509
0.37292543937688133
-1.207400596584211
-0.906702624160018
0.9113913774376758
-0.6542125127094013
-1.140041478793863
0.4596279137720368
0.5518279424283927
-0.46817621273764537
-0.7186100439683246
-0.722719688434101
-0.5853683145884
-0.26453161364514877
-0.9832613588289147
0.3663609845081821
-0.24380821204269162
-0.002085741176317137
-0.002085741176317137
-0.002085741176317137
-0.3847192942163881
-0.3959871379946759
0.7601094970301806
-0.676852473243072
0.531725784613995
0.9962289562870422
-1.0228043146570212
1.4991205850869194
-0.044101380217750195
-0.21768106052914296
0.3214675949627708
-0.5013831495000026
0.7693557772065952
-0.32595409148191273
0.982081533860414
-0.820827067966475
-0.27743417135101944
-0.6431764943478853
-1.0771134264527857
0.3557722403765562
0.672443252755071
-0.949907882667375
-0.6118706201660675
-1.2632560945072926
-0.0004679680452955445
-0.5657458114692205
0.8467567535769215
-0.10629682255155785
-1.1504190375832206
1.1459111521705272
0.6454566935750209
0.6969928902733582
0.5666840458368138
-0.5829112403320406
0.8708426391433228
-0.12158424905373048
-0.04113760526787113
-0.9974386207708509
1.3365944859046373
0.22561453002336893
0.47888976059755506
0.7194321114652268
-0.9683828563583863
-0.7790121377171645
0.385380699910873
-0.8554816746383042
-0.01850107604392132
-0.2785186161081611
0.016253341656773817
-0.054464655869442234
-1.0683125913359088
-0.824525982284211
-0.3178641454272281
-0.4531105911552419
-0.9519155843803947
0.7299171389088551
0.6608021495074967
-0.7873775238802428
-1.2341748892810045
0.422617022294222
-0.6256432652067765
0.10213735031438557
-0.16861161328932137
-0.576514132654407
-0.2960596920033664
0.6611854557849411
0.547685012881287
-0.9291359666887984
-0.5833673143773007
0.18299385819674435
-1.1371751764305356
-0.0798357700190526
-0.10694245112649547
-0.6326553330433906
0.5334007153822725
1.0680852780318686
0.061338315848592305
0.191058657986098
0.7502508833835762
0.20676470294411153
-1.2210947990901433
-0.24387170155558566
-0.17214736898499677
0.24938520460405772
0.8898258605938024
1.0131818287044316
-0.7678308330470407
-0.0697900589087391
-0.18402675188748488
-0.6010316192798845
0.535275091799975
0.17864624104841617
0.1591039236251328
0.7268568511608928
-1.0412961115180759
0.24423552111725133
-0.8443371387910152
0.6480602815087181
0.4960243158578622
0.30553902460819043
0.5578864253784229
-0.4336155347073875
-0.2806650695901443
-0.07295964531929419
0.4924226888603209
-1.362725888966636
-0.7601377413297915
-0.4778212132591565
-0.07428633462243692
-0.08411802132318759
0.9882791712556663
-0.24297898582827185
0.41341070556780746
0.570009214628829
-1.2376783976013737
-0.7449451312687371
0.43873125049267786
0.3199056391000997
0.608275395445668
-0.558763677078149
0.24740494566107846
0.54273560933192
0.8198055311124285
-0.7009886832351739
0.25179784907210645
0.3598673389768799
-0.04085092212148558
1.0383585233390598
-0.17757105279450353
-0.8389872855863851
0.8866754960113388
0.8988003482009066
-1.0335799747518046
-0.12707676979986168
0.0860290630252065
-0.44611964734545606
-0.37061420436690823
0.2397814823607391
-0.11006734511236746
-0.6521970183388991
0.39465661444347006
1.413399767316311
0.8770451191133842
0.3508428452831429
-0.4994441524829974
0.19727542710252136
0.2008644631607598
-0.49333268224093657
-0.3092976241296711
0.5589807265108645
-0.002745397431798676
-0.002745397431798676
-0.002745397431798676
0.825371943468897
-0.7492326553853182
0.4208970139418947
-1.0134159137770868
0.876249133286747
-0.33830450411503543
-0.37326426166824683
0.5113398488215247
0.9174942374125187
0.12043178865696173
0.6297395169722275
0.7412200151088931
0.3756906210320698
-0.3983760212464693
0.2915036220608039
0.5724456315913485
-1.0983070553773506
0.2570087166134863
-0.5276150546916775
-1.0689700104581412
-0.5820932022222597
0.8451317444055002
-0.05328420515884156
-0.9401016541284102
0.29314496482988733
-0.6975559635411415
-0.609694616181256
-1.049109711576611
0.2967566582823858
-0.20613182932913598
0.3100099095157216
-0.8845576985162322
-0.3666572289541278
-1.3632389592043899
0.23391985913615768
0.7267830610914504
0.3180842967816601
-1.2069235119619626
0.04479488769499931
-1.0228602601492192
0.36807053340651547
-0.06765499021406814
-0.024178223589705932
-0.43028415187988023
0.5699646727850795
0.37132659345813784
0.420216353136847
0.8242863022235176
-0.48511291048604344
0.9949243341662721
0.2387538434445225
0.006607921751563154
-1.1615877915164312
0.12804802688462052
-0.2902412143480209
-0.7643164519330264
0.0037162526289770048
0.17312434670214025
0.7835603336223372
-0.1219652067174525
0.364016998400873
0.9920948067098432
-0.5798867117620101
0.6672064413603254
0.25138339496859086
-0.43184454331149896
-0.25872008510331906
-0.6468817703283041
0.5218838235203345
-0.937376864778178
-0.7713450388129871
-0.5397321542159921
0.660302831478256
-0.5478314604963102
0.8650584871145333
-0.2643035198691895
-0.29038706377016865
0.35276050675610526
0.9091354000911808
0.360059624153772
-0.7126938940192273
-0.1965114739215074
0.5172008313875563
0.1527134982995131
-0.052556827500575644
1.1489713743838412
0.005067225137359066
-0.7458448736301307
0.6911767325831785
0.2566231173673867
0.5803468987670245
1.0346270149412269
-0.8306228753900737
-0.316050594020316
-0.16206587431249947
0.5341332138836771
-0.6787459321988274
0.25282883105893467
-0.3491151124829325
-0.3292588962233779
0.818648550900379
-0.5106444875092203
-1.2352052444586261
0.40098492749026016
0.7942958941600158
-1.2787064446509742
-0.22865073823632337
-0.9344325793756161
0.09734610243874561
-0.38135123498451035
0.6899814918617956
-0.45306642589998175
0.5132850278963281
-0.9151199830255918
0.22067907367200507
-0.4128011003912575
1.3705803011975288
-0.6321687155357965
1.0981398233533608
-0.5254921258999324
0.39997997949080616
0.8869046192356146
-0.3964585430771194
-0.5783829448626089
0.20708565125599518
0.299162891478282
-0.5604911103134883
-0.6076250871578146
0.3286549839005826
0.1467441811608301
0.3913995046421329
0.6566517633237307
0.39611596541319577
-0.23608092573701966
1.2656876954258554
-0.0855203400809029
0.43574291507490837
0.07480559770690332
-0.34337539141216344
0.30751488337688626
-0.6259895918308535
-0.840054634962231
0.7574780594634168
-0.2542220673050924
-0.8480273133032471
0.0038720386491368467
-0.7403063931063326
0.14676146876034576
0.5725363834634105
-0.34908648574346496
-0.00380998685560242
-0.00380998685560242
-0.00380998685560242
0.0831933956994065
-0.877185814050512
0.006961614932996776
0.30438713337602535
-0.07505368554616078
-1.003919894864292
0.6875117362955125
-0.4249689447846574
1.0463952042998703
0.9752194189114416
0.2826763011584971
1.0801448070041357
0.6268490274669165
0.3491538848301642
0.4822412534082283
-0.31570397785501264
-1.0585764497629062
-0.30856819768106736
-0.8422201836118755
-0.7523210894392907
0.15509290755150423
-0.584079255289676
-0.600687547552174
0.3950236839636707
0.30182442754753996
0.06530695298312106
0.7915848556093878
-0.3937928628780156
0.7787154330239766
-0.5861332323011532
-0.5754629485346664
-0.34912700942135333
-0.2873422395663718
0.30267300349474036
0.6532661945347427
1.0708779920222882
0.05945322392201081
-0.20479358418406032
-0.7877351245304004
-1.0068926809136247
0.6194623012408638
-0.2740673450447364
-0.149079451791052
-0.4072837882865906
-0.00024888847695511923
-0.285402438125179
-0.43596488743692324
0.047014547142667444
-0.2691484114640866
0.917945683258423
0.42635981195851286
-0.6397668822725313
0.5596771817620456
0.6506930976167096
-0.36519764004948974
-0.9161602989225828
0.3763330173355223
0.5290848121428883
-0.3329767477488132
-0.02401154782731736
0.6606482958585909
0.19052515706840184
-0.4900020533587181
-0.689808745134084
-0.09287389359519907
0.3087985657588214
0.15134102129111732
-0.13540005017258966
0.9828277964315806
0.06856601840865402
0.6721572523368872
-0.13154168546574804
-0.6196890958946041
0.38623591391993567
0.3226305899159216
-0.003585264658599139
-0.799497850785886
0.47137163036000024
0.6836043986125635
-0.688582576082449
-0.900418763226342
-0.33901348413371163
0.012708381120966363
0.6824516739922762
-0.5574560468917666
1.1129154508116452
-0.37720425478714953
-0.9826223655799122
-0.31210466635798806
-0.7388115432237236
1.3555262864339932
-0.233426344753196
0.2328201361708166
-0.15048394931261985
-1.0115896007262308
0.4777987217140926
-0.402401155956106
0.6303201373027517
-0.14535499252708042
0.07568911252561868
-0.8733582546775847
0.718770045330373
-0.3490035930687426
-0.008404393576093254
0.3008479062174907
0.758580479257082
-1.2113147769097086
0.5185925245321125
0.3299673384804181
-0.0521116940827991
-0.42156269749485764
-0.8318368445474175
-0.831396786172624
0.4642650140583338
1.0946705199330922
-0.5598279354804407
-0.07381326455234787
0.09581058924508921
0.2732805093428512
0.720102876322422
-0.7743891446608555
0.09877855933935069
-0.27201040680422084
0.44175887318558293
0.5045184148324098
-0.27749064447971555
-0.24167933198550018
0.1909660615905055
0.21960167597718383
0.45345913807578025
1.0245871059981992
-0.526791127645731
0.982834401363905
0.0766922015343577
-0.09307411015788498
-0.1060453902219299
0.06474652046286886
-0.8023712082471487
0.5407345006409604
-0.7916608517531383
0.43835988116750507
0.34521622902326893
0.2405117724789621
0.2745563456639065
0.1543402769938927
0.23910081147917894
-0.7889529999644588
0.4381514844857545
0.31404657983769196
-0.22079893716611532
-0.0044900861667841845
-0.0044900861667841845
-0.0044900861667841845
0.2228915406131663
0.3987866768847812
-0.546213563258512
-0.42577819512524356
0.17668865152798943
-0.6218153483246892
-0.5815143640815063
-0.48061260291821745
0.014009356046331481
0.37496899341538453
-0.4413911120264214
-0.4761367388691524
-0.4841513219697964
-0.6667689127768854
-0.5779048730509131
-0.25013621891655224
-0.01470089297492706
0.4471531399744281
-0.5579865573169008
-0.6917578744638122
-0.061095539523920536
0.1893851171339987
0.03783283187673408
0.6102738459850459
0.6426153462767008
-0.07278706500370206
-0.19533170752861143
-0.49064354537395527
0.14525688647669321
0.848664896226831
-0.858500984016827
-0.272858941795077
0.978780175979104
-0.719216061704146
0.15015680745412624
0.12853972545983414
-0.7773781413468215
-0.7806795448740461
-0.8701619555680128
0.49518294539503943
-0.28849736943621457
0.6413018180929899
0.036714436945101125
-0.5150522046881978
-0.7381061021898699
0.15179721490662085
0.11396889298851871
0.7380509545030208
1.1060292656279491
0.7723673187012139
-0.5487465683892285
-0.30586201037147054
-0.8790114399165767
-0.28632142655899384
-0.9832857953128918
-0.7387478331994041
-0.9779748777272675
-0.2392094625438348
-0.3326143717127817
0.9487559359006964
-0.31735123994322834
-1.2127002293710012
0.05824289092146095
0.3569034037879583
-0.8977755403398556
-0.4587942718940049
-0.5339570274760665
0.6945395169870316
1.0825816390686442
0.17911369544848998
0.3204279375093717
0.720829991033434
-0.30849802657214426
0.7271857238720018
0.36400718588747427
0.2244432683019294
0.8393514382762511
-0.7277810837785373
-1.235360878827759
-1.087395861201717
0.2148948156790022
-0.22204486928344258
0.8871621867369444
-0.025447682784218818
0.8561959491943301
-0.18096644258603445
0.5833282524956545
-0.9382291679592941
-0.357189422141399
-0.01821597565567747
0.921669125065274
0.5130363619056574
-0.5032363125420178
-0.454098149719253
-0.7269200632506658
0.2997205940518521
0.23296321512348708
0.9773909989210083
0.1822257516877842
0.015425060587063786
0.45708601539725474
-0.35436723477560306
0.4323924517992656
0.5119258350354713
-0.8503843677083733
0.06339224816292016
-0.5041229089643392
-0.2699071302099473
0.9827358767364704
0.6514685991706108
0.18243496582843308
-0.9431560128366718
-0.21309400138335563
0.3743647556396567
0.11200890650622553
0.31027895594363086
0.6642675848308802
0.6631248952304606
-0.06187282975075952
-0.6001304444020386
0.5053249178127985
0.32208951228721117
0.023471571417743534
-0.6711680287019225
-0.858639535885114
-0.5348995816534869
-1.0990511290670093
-0.2666051921026537
1.187497971827389
0.875181966347834
0.7552351020468172
0.8237797680640757
-0.4753541565687463
-0.7986523297724849
-0.08058867606202674
-0.08682552150604236
-0.9024722631793572
-0.7776065967045598
0.6463110542815295
0.4956145121634816
0.6818091933142507
-0.7719872696567533
0.8610617245702287
0.10017871160548417
0.17093745069393285
0.6371337759017881
0.9489729172684231
-0.8222791500670595
0.7559268516115546
0.5624074602466962
-0.0029727820921269955
-0.0029727820921269955
-0.0029727820921269955
-0.8832445543316575
0.8531891877116943
0.21841566494214523
0.13781383095770275
0.44373694366463473
0.0604264894361206
-0.5019369854237163
0.030611376989131862
-0.3679596842577588
0.6320073389438167
-1.2146754867240208
0.1758561918040603
0.7708153707817406
-0.5477996900848635
-0.5170761768808252
0.08968978848500936
-0.35300123320423626
-0.4924936946705084
0.8925608463370602
-0.4654275404763503
0.2879523605346944
0.2276628253714229
-0.10994537746215015
-0.6485258697977757
-0.5198857423326197
-0.2360983268702827
-0.1885718328501313
-0.14806998408537064
-0.2928117505039604
0.2684350034985112
-0.7260887587549254
-0.9000138565961023
-0.20550427791405307
-0.08656355781727354
0.007014584329197875
-0.49435016221044176
-1.1141900986275093
0.7885388465614294
0.06175819325600541
0.005870542683325686
-0.03896239741488523
-0.16524458121034932
0.6119677010722656
-0.9699591257794123
0.32604364684233406
-0.8346768239287439
0.6054737033351747
0.03502805101560632
-0.6441494129532211
0.5244574445176656
-1.0245401175892945
0.3401217652687682
0.2091189770484841
-1.0849203567743009
0.35497388210376685
0.3081276408359274
-0.08539737615346357
0.1721470263465608
-0.45451325088909733
0.4949333168011682
-0.6468134525166835
-0.2496358569353761
-0.8582286681294958
0.9091700331451175
-0.057797154082015884
-0.09017629902991695
-0.8216846193411086
0.0018646220038570358
-0.4656421771985126
-0.6429019889955954
0.3565672217897011
0.9599968494521468
0.7067257424625706
0.2426637065510431
0.24952647409173798
-0.35290291424713155
0.8841981819037924
0.2955988810244126
-0.6369814374817934
-0.6308480529290237
-0.18868585599308427
0.5088303662486976
0.3693425774656335
0.20330864836764892
0.5344539349777164
-0.5239233925198569
0.7728121425008583
0.366718294468337
0.3118659022581649
-0.9056504954667551
0.33994786295893653
-0.9474763899833629
0.8058324007642382
0.06320181333954732
0.7214515274130537
0.07023614443314376
0.5976226001964258
-0.7284992168646398
-0.3659150881531134
-1.077408514083703
1.0116567461724877
-0.4784409479885858
0.018727351473750067
-0.7314368797829431
-0.17196294978128976
0.44885569493981237
-0.746898704494339
0.1325419282310995
-0.4174639481490459
-0.6173513137407973
0.8696312083884462
-0.34118281374669684
-0.1502922192863017
-0.7861368243144997
-0.7626073019350338
0.8295330616014011
0.19246998494749656
-0.3006998590119836
-0.30884990062180573
0.20374809908192676
-0.08012385235665719
0.7835781376931376
0.670730132789386
-0.07663295223400371
-0.18660462980864173
-0.4704707758091761
0.36162836589853425
0.05266548059982787
0.27930607441783994
-0.1397066521172521
0.33185517976849915
0.5344591950222456
0.39740095369293177
-0.14710465828323668
1.2076064420721462
-0.9741069124781303
0.21272709144321555
-0.345779998434329
-0.4345388809488629
-0.8426283127072989
0.4648668289552365
0.8324817152331724
-0.9828171472400247
-1.1809969106896023
0.6387406336250859
-0.8116912428944479
-0.5197745408090678
-1.1507618892512548
0.7447987318020748
-0.06373564305887182
-0.002661725111164476
-0.002661725111164476
-0.002661725111164476
0.36764082052138725
-1.0641247870391752
-1.0486636882023295
-0.535093909405036
-1.6510419118782234
-1.1955143988659835
-1.1894870125136652
0.41597026037929113
-0.7982114000630598
-1.2465731693715427
0.6104239731884837
0.24543400322947165
0.9828267086546216
0.5588254675613663
-0.6875640902498981
0.38363170767522364
-1.04255996567702
-0.27032159408075823
0.41029951321022295
0.40600505182021224
0.6311468821801491
0.7185640555783503
-0.9697468428734731
0.5766497841953111
0.7347511489664628
0.8244871675015081
0.8809619962151493
-0.1469706652785341
-0.2091221783232233
-0.05148964139483576
-0.8681047931911413
-0.6530465651839696
0.1250527659638542
0.571543516298485
0.7243020839853315
-0.6850052042090943
0.02495210190986583
-0.17428741222258204
-0.7652377164037066
0.0777725998407521
-1.8510914760898867
-0.9047924445051454
-0.38763438679150686
0.15135522484238673
0.565206031818645
-0.21639089988458038
0.5866139763830601
0.12451615068955219
-1.5632235132708103
0.9619927793899139
-0.5308152450294092
0.16627102618363
-0.4299287607395992
0.5273499067737495
0.6567308485613578
0.17388399980721156
0.4597288131318708
-0.46039785240743814
-0.8387324175189931
0.5758828651296506
-1.3246210447352162
0.7992746535279468
-0.3415398178078231
0.9401247306813217
-0.22990897445322497
-0.34013596760908854
-1.2671568783738552
0.8692735639592224
0.046488887007686296
-0.6535157671141485
0.605385847558774
0.07065324000977428
0.3650294010627858
0.42501779053188826
0.8914032806389153
-0.173399393940251
0.8445732072173676
-0.8945094221745946
-0.39088025143602045
0.6586996030926364
0.48796053975664644
0.3793158383076775
-0.33535135025513296
0.9159088836028
-0.5079398201298707
-0.6110334994129112
-0.05376751585040469
-0.24804360591874142
1.233517312094568
0.3767163715453801
-1.137166815519546
-0.06282570411859119
-0.33179538771108047
0.3959566471555098
-0.4523628950305913
-0.9004272476535031
-0.4356669768998711
-0.5574134528437222
-1.2232669645132677
-0.6533154705785873
1.0830783833746076
-1.4583128127527982
-1.2947224250152596
-1.370854332165124
-0.896427530995761
0.40510925896863315
0.14465026522000635
-0.5914912923200373
-0.41442419548450365
0.37321917130689664
1.2856753357262978
1.0134566601211936
1.054258093850134
-0.5525241413808019
-0.17113827289268543
0.09100606793464898
0.5499985323683891
-1.4738326534245176
0.4777844868026772
-0.7052508993939947
-1.1467155980324701
-0.022890554784800062
-0.9772045810101471
0.7646656949511899
-0.561096689836246
0.2052705002746573
0.8706234998346302
-0.6141471822533718
-0.992705604062006
0.5249609361533106
0.2436056856719004
-0.1314693274621037
0.37360937903538655
-0.6340675612183215
0.3002420350778378
-0.6621565092731357
-0.9900841475991746
-1.1927791094776838
0.4629032600547718
0.2078188081474515
-0.790486202719201
-0.849893891266004
-0.9795311535361825
-0.7287425131184759
0.15481581263946137
0.6688763138796463
-1.1905180527714596
-0.4757484581098873
-0.2661522806169581
0.24634762083082204
-0.004607914094159457
-0.004607914094159457
-0.004607914094159457
-0.12101197649252717
0.5499173771447426
-0.7598914590276603
0.6199991659935788
-0.9017090438673162
0.16895775042975197
-0.9472576932973398
0.6790781348134399
-0.5425303544872977
0.29294682599232374
1.2310906767663983
-0.24724439758542346
0.12649324360953246
0.11227735060842586
-0.8016772076924654
1.115696862671823
-0.32043234708587176
0.14079869617438287
0.8069325450873654
-0.14078605986251766
0.8169023460692644
-0.2003605559396429
-0.5188499767415798
-0.689637991655576
-0.058835409652232634
0.5545113553053618
0.2752351473598831
0.6918902966630365
-0.6228490486670648
-1.1003778179533257
-0.21696235234976619
-0.3554861258317091
0.14857194252033287
-0.3958923925642116
0.2739393707694456
-0.5053705944285868
1.083244443868454
0.40008793346737365
-0.6673556140810675
-0.31224555798422005
0.5326954990881458
-0.7135580250313418
0.1755536886482553
0.7281319822034603
0.546198273875095
0.2379498536056486
-0.5181951026307539
0.8049048156565209
-1.1821904719176253
-0.9796738524701328
0.18741987234196789
0.9612320474875358
0.14252253076630603
0.8622785756817362
0.6365368396921126
-0.6230745663009295
-0.777088808234326
0.21990401010060007
-0.17294525581959128
-0.7138409638506331
-0.04886533186720761
-0.3926623107346106
-0.6417538689257605
-0.16284941054210655
-0.6572137850519815
-0.06099545587501251
-0.33434329671742935
-0.08758722950378357
0.4944515063842447
0.5665235226856479
1.5553112937178863
0.6088605615058126
0.2663208924440086
0.003509810448190998
-0.7818149665324527
0.28775394770723006
0.8056201684006972
-0.7155622708329183
-0.4593032124555414
0.4723637662926646
0.3323659443682158
-0.5581814898549151
0.4707453367957848
0.20250733823393802
-0.03743952697944167
0.8299003486459704
0.2902627992429386
-0.5846206081911174
-1.0436909446049523
0.40301088561812154
0.30304910165267074
-0.7824479321355122
-0.34103183456574565
0.5201425106085763
-0.46892282021535775
-1.1331781148028024
-0.9387950179489553
-0.4734004653006924
0.1536282639158427
-0.02156786293890569
1.0010777172741014
-0.9985786211368849
0.6912451733833384
0.6659639381959622
0.8619992976960863
0.2877754326352996
-0.19828270820887756
-0.35690490039935296
-0.7885506675097628
-0.5909142872728866
-0.6590562968735953
-0.5070499706108716
-0.4286763555241938
0.2884069558133393
1.1434161703131593
-1.0169924706640043
0.5398214052768285
0.8268570794137197
0.7680259847828714
-0.7093944791884818
-0.5034451442308201
-0.6298827201826003
-0.8813979851784358
0.7789183610442324
-0.9556220166391138
0.7103842439707666
-0.6224079117037374
0.09544776949332741
-0.24727562281513557
-0.6184226056532167
0.04694789406902307
0.6156890245969803
-0.7257677868147552
0.6277567840721285
-0.07183372205994695
0.2380960511448647
0.19492864631411452
-0.07842527069932033
-0.38720375460658485
-0.16081639020283336
0.5010440569573614
0.18099913831327746
-0.0018050310647943573
0.3166659867603302
-0.4907726359785689
0.19911604403358707
-0.7848546601323977
0.10677202392926166
-0.46587467381799463
0.11458727222497171
-0.005859739968689405
-0.005859739968689405
-0.005859739968689405
-0.5359612642962748
0.41501432156812895
-0.7948167477931202
0.6236271605463044
0.4387167511258793
0.25833375432376476
0.21056081034140242
0.46934327439089624
-1.0337337542298055
0.9084139250767781
-0.972657176478155
0.2762185461165015
0.6498439053394989
0.9577878736916752
-0.01363813099240922
0.9338032320537097
0.2635023645007836
-0.15985919138179788
0.5464827890431211
0.34051722124290934
-0.4557763463945476
-0.5973311977192646
-0.10440961501909633
-0.22974066111140523
-1.1009390335244198
1.3025388910668598
-0.47441902328137797
-0.26459754971212035
0.3338728516183473
-0.46230115999143845
1.0341428873878113
-1.383610930837794
-0.4025056260256417
0.6442591467526348
-0.9557661869008651
0.0266687725747631
0.7856016733607664
-0.12448644608160167
0.14746060710903752
0.37952757955322214
-0.6747354286224648
-0.09655121054344279
0.07813681391809338
0.2959386822701957
-0.9345583869425024
-0.33682206324840086
-0.26069841533237886
-0.24921111438643956
-1.1161235098652902
0.5719894846464815
0.5344315808953196
0.25711923700125916
0.610004965048996
-0.4175170586034963
-0.6681563724432994
-0.46567487217045705
-0.09043015017671735
-0.8345189606323897
-0.03403247740137671
0.4332803006635087
-0.6729105537130483
0.6556036454547125
-0.9664815074012482
0.6251947435612468
-0.4671495653909539
0.8002882065714942
-0.1544601479854613
-0.15275461643859778
0.8433450799666842
0.40744800309702334
1.1973125516606893
0.21029894919700548
-1.2344655923407986
-0.4609786122793514
-0.5190724730768898
-0.4233828472320335
-0.80795844159702
0.44430250780565866
0.5261165067783405
-0.3538129418905334
1.014771616919482
0.2985061807767886
0.4653046362215878
-0.31613592140747293
0.11201740055595705
0.36738496742621085
-0.9413420495359677
0.001717881250582785
-0.07097337126944948
0.7724310701389078
0.7919719567078553
-0.2547969726639701
-0.30350683917744975
-0.7606445879194053
0.3421379137205939
0.07381662171138559
-0.5486209612106402
0.22261725905529453
0.40066261053201085
0.42645742068074954
-0.4516657036267089
0.06265156740458595
-0.3385947063817654
0.16832546987844008
-1.0905031953582274
-0.23362561522397418
-1.3118725738537866
-0.1939878003561772
-0.4570702888736463
-0.7315376968181052
-1.4306202850998555
0.8335787878783881
-1.3204639834033152
0.12687437213331737
-0.29596342966781114
0.6201801450967599
0.7276877839905249
-1.1157249004604601
-0.3186163473610361
-0.3634847864996137
-0.0927766562464155
0.07150046199510043
0.30921185286472114
-0.8070096398753918
-0.45539657559420293
-0.09575050462972923
-0.8556398134852706
-1.3398254186031642
0.1981452437444474
0.39778262094073036
-0.943839270794918
-0.38196956804505927
-0.9532096612509181
-0.029571853717070207
-0.12776173260097365
-0.36566085245904845
-0.34692616972525453
0.45556331890563806
0.8712500126973647
-0.09006601764172259
-0.9322347769702142
0.32852988306559444
-0.17842834713287317
0.8683621089946992
0.09653332623034626
-0.5978391945785719
-0.4367572516599553
-0.6103434576314042
0.21589138090450494
-0.3022644206456193
-0.015353770097961293
-0.015353770097961293
-0.015353770097961293
-0.3673016347330127
-0.09898295417662176
0.3573007423297502
-0.42103524324514674
0.6715007240904074
0.220353134658182
-0.10444720396027626
-0.2891633634642688
-0.14479821323401446
0.8642049583727783
-0.4737600061375136
-0.17319957044318215
-0.5966223128867554
-0.016444358809290162
0.002182896456379665
1.1438276794198832
-0.6484648008510759
-0.5547397177354538
0.3601210044288692
0.03792271875600901
0.18861097220635073
-0.42283543141209834
-1.7208902030841526
-0.16984003433639192
-0.03707628485282201
-0.2911215892846799
0.25318832745066405
-0.14352413061645308
-0.059397407325595224
-1.5642896801758102
0.027012280210108954
-0.08201214587529072
-0.8883679756455952
-1.1059264917274771
0.21868325388148038
0.9228994554304395
0.07000323194500763
-0.28837467950844103
-0.44517659705637536
0.8382150207637205
0.22376544254507266
-0.5261098508647739
-0.15292785001992948
0.9711251326106755
-0.314618360246014
-0.05020004094175264
-0.3707835588362659
-0.6974321222328791
0.11641483484491509
0.06337860147821522
0.25179707636862403
0.17684156062595152
-0.3209415639129411
0.027935307879415634
-0.23854411435251455
-0.32656538166141963
0.1038850725392092
0.09295158853924727
1.273061234674427
-0.4606413593179071
0.26114172549047915
0.6946310392310034
-0.6288515700616393
-0.6715594493076947
-0.9562994075483549
0.737488267504267
0.022331382926663566
0.24390300431777878
0.922666408704336
-0.5169337043305544
-0.18596839797985606
-1.3416688595854482
-0.1202035151914493
-1.4080206072416108
-0.1871450299933491
0.4185873172670653
0.045196385139426816
-0.7503679028970359
0.2061152858869897
-0.1710938533096424
-0.24341946004993512
-0.6979179575016374
-0.18303071843684254
0.589507150745526
-0.5028867211323051
0.19036408945987773
-0.9443707523872061
0.5284043091591447
-0.17352309457292242
0.4658492882636768
1.3395487251900824
-0.3444722475973898
-0.242230385480239
-1.044698194279728
-0.12816887987556427
0.8389252938570225
0.1302681452336547
-0.8335216537567051
-0.20280239871106387
1.4458811649914078
-0.40301663105359076
0.3925830942433313
0.2948432662831486
0.8855171304246271
0.4388991897767492
-0.37705906565558345
-1.5057753318254583
-0.1894303948622447
-1.2419921597029049
0.3483390138846451
-0.6924683500971448
1.1842867996469644
-1.1167413851110777
-0.7132521659710412
0.2509206190647099
0.2550522152474547
-0.831176149367148
0.5817605165036528
-0.8268747153828726
0.13271140348480176
0.22215912479512395
0.17415731269665838
0.8062790845953185
-0.3573957700731722
-1.083018507530204
-0.7368009910795302
0.6292334626134742
-0.9630748072938898
-0.7156268590610331
0.7419331092547211
-1.0159797736898444
-0.36043911537472534
0.3651186538145852
0.4267845722870563
-0.2850187355860432
0.20605850623342545
1.0697734212211272
0.708063306829588
-0.27429787676494444
0.9399635817732017
0.998985311988317
-0.18655509946514887
0.029564186862814607
1.2138218167649306
0.34858446621242334
0.7729466137937967
-0.763667231355734
0.7493465409340797
0.03299033767980419
-0.6447523376118268
0.05354955218520446
0.05354955218520446
0.05354955218520446
-0.6813843511984148
0.06739330389673664
0.0010609872650092522
-0.036565872780216765
0.6428583282592407
1.2796506202943008
0.20462418815795436
-1.2508824932562204
-0.8261107978433673
-0.6248833941229202
0.24286357966956437
-0.13235839224001214
-1.0865523353534476
-1.1874215530355476
0.43586732537571715
1.0346013673133467
-0.026270117968473422
0.46975005893375227
-0.18845889963411833
-0.5730423444657078
-0.3023817569005302
-0.07292384179884914
-0.3617909313591347
-0.4422236182776167
0.7360167849925933
0.42149370236091804
0.8025290968908394
-0.7209146163527567
-1.16898721318114
-0.22634104581744566
0.8602700264683837
-0.3147160541450339
-1.0376561523757488
0.2646449098413576
-0.3209228420883947
0.6754354559499448
-0.8123480285809905
-0.5843901858824693
-0.849027539914113
0.0060817717546238865
0.4134573106179434
-0.6097235241749512
0.19978221861383363
0.4608152753763705
1.0289824651453308
1.0751225635795125
-0.6971333447645116
-0.50367919781573
1.2090725342565982
-0.4491336734674976
0.9815185852330645
0.6334292629190297
0.6242446941917356
-1.0996462067569817
-0.09590172243382321
0.08434347252323754
0.6647439655555065
-0.3916590892469193
0.370330695092955
0.11021586567042616
0.05346276842291785
0.8218103515472578
-0.10430727375941812
-0.3501439719489739
-0.5052505278665046
-0.773024472291009
-0.0964930168527425
1.0294039506625887
-0.32586314182721116
-0.5758961178470963
-0.5290814959671224
-1.1833872746344414
-0.5257483897186082
-0.10943104348320694
-1.1266265225002727
0.41224618281013137
0.9563946311834672
-0.7538768223692024
-0.736095256026251
-1.23773499763041
-0.3594030886935278
0.6489317402480429
1.0601271188551167
0.6862531891030234
-0.6079552970668745
-0.9037791601247959
-0.34680594797070957
0.5467443674194172
-0.06495117890105236
0.17954567256640994
0.9705831365892013
-0.5192250862128446
1.0647467193501607
-1.4506177423949924
-0.10346155469609997
0.7206732939389957
-0.22238492821229267
0.11131494276712371
0.4532088775372881
0.240962157069388
-1.276931114828691
1.1233208931707646
0.15827591700408067
0.5690598220516113
0.04828840764430499
-1.0658814297902588
-0.5200037410396223
-0.4208736241114833
-1.3202804266284078
-0.034731650449500794
0.42043431070063847
-0.3307634891793135
-1.1399030844176876
-0.32620868501228467
1.5373071460301417
-1.0649279422993971
-0.3217529667871378
-0.7856795509681326
-1.04111311132685
-0.9954072015377042
0.9311029365322314
-0.29224604113270325
0.04173573666185937
0.11848114147664845
-0.20944414285465418
0.8990687869979969
-0.3952174869745687
-0.8462322476649703
-0.49888658599951163
0.7721840301860863
-1.095279478097301
-0.562599769752557
-1.0284033371423174
0.5171643698517688
-0.6972681374482071
-0.7324770336898452
1.203297003196441
0.06149435381497613
-0.3277675731308218
0.4619459679583383
0.11655586099264383
-0.5519512293931071
0.7388697352221035
0.0672169179584248
-0.30344287532459
0.5400644687534906
-0.6732340149385032
0.12298136471563037
-0.6331523950754894
0.7936404601603886
6.064619584397767e-05
5.025961099035171e-05
5.025961099035171e-05
5.025961099035171e-05
5.025961099035171e-05
5.025961099035171e-05
5.025961099035171e-05
0.0052800847000182664
0.0050581113264628235
0.003244802497847275
0.00277921512873786
0.00274287412181491
0.006647206393868705
0.0064983530738460405
0.0043866591801525094
0.0021290244022150904
0.005986747290000391
0.0022772356635617393
0.0016470604394221472
0.004117951581367152
0.006386978182433633
0.008293477897189427
0.005225700101865234
0.0055539628768116
0.0074525634467745745
0.006200029973612138
0.00825776908833399
0.0022433657509579514
0.007193153155540701
0.0029869303482958865
0.007580130474500836
0.005298928197729502
0.008020023275911154
0.008614385082305769
0.002798127014584807
0.004517937844037182
0.006284600663264156
0.007240666528918334
0.0024912072136156764
0.003919430891245433
0.00873681743078194
0.008539819812627733
0.005644345674004522
0.006123444195241039
0.010156410259281051
0.006158182497852249
0.010452616293686863
0.004617967286063872
0.0028962838285969466
0.0054124868100577945
0.007001303957198219
0.00478473305413657
0.005965629427506147
0.0017914227804708143
0.010126740093551289
0.004590805661712083
0.00952571082700849
0.002782651836884887
0.008943886057641492
0.00682179314605562
0.003625570108471275
0.0028429406567289095
0.007869579003884934
0.010788437621598151
0.002894785698010146
0.008709719915007678
0.005932812207400044
0.004088861070107918
0.00964488902124978
0.004947433409599463
0.00957173445800629
0.002704933743269412
0.005771377280576613
0.002172226407215762
0.008473645475118363
0.0019804574932709425
0.006763121978948457
0.006056714326637441
0.005066691114382805
0.006226943658643947
0.0017217620990946675
0.0052815329232609514
0.006667219731006214
0.009623200370892445
0.00455936688097735
0.002665148252069406
0.004170007760240667
0.004976300641008231
0.005576008358178446
0.008063891060884103
0.006047262965343078
0.008273200895783588
0.0043611612896062866
0.0020568069400954234
0.0042950229006581825
0.008100195757726563
0.009563970073798918
0.0033421967040947465
0.001548455836855485
0.00868167593413782
0.0019538413434796566
0.007187285085247727
0.0016144431504732761
0.002372958062458651
0.002023779878489565
0.0073408162547755704
0.005494675912418399
0.006047047535193775
0.004586312171465851
0.0034927571592051447
0.003984528299708952
0.0006451134257803668
0.005760610486203486
0.005961767199608658
0.005034177288364441
0.006305822977875717
0.008955930134335705
0.006704765990629767
0.0063971031151776716
0.004109620591456722
0.0026081709215233476
0.0070679531209913975
0.0007741173128704517
0.0022143662072603948
0.0015145225204113207
0.00564349193184004
0.004371924205587507
0.005996934929723214
0.008836446346587848
0.00529158334498531
0.00457857264781465
0.010316210654317414
0.008640038157852028
0.009705210291945567
0.0026220426541312615
0.005016191141023016
0.006651617617807008
0.0012839959934564471
0.005392207259492683
0.0025210580966011416
0.001450650677750432
0.006117929752659185
0.010588947453979189
0.007161111489878069
0.00721192128914431
0.01032828727503999
0.010346531153883131
0.00844807520168306
0.006664195628967296
0.001187915524799674
0.005260634206399923
0.005148765998001046
0.008844364294310932
0.0019840508691527604
0.002510018647912245
0.00529512831090358
0.004702003928153037
0.0052800847000182664
0.0050581113264628235
0.003244802497847275
0.00277921512873786
0.00274287412181491
0.006647206393868705
0.0064983530738460405
0.0043866591801525094
0.0021290244022150904
0.005986747290000391
0.0022772356635617393
0.0016470604394221472
0.004117951581367152
0.006386978182433633
0.008293477897189427
0.005225700101865234
0.0055539628768116
0.0074525634467745745
0.006200029973612138
0.00825776908833399
0.0022433657509579514
0.007193153155540701
0.0029869303482958865
0.007580130474500836
0.005298928197729502
0.008020023275911154
0.008614385082305769
0.002798127014584807
0.004517937844037182
0.006284600663264156
0.007240666528918334
0.0024912072136156764
0.003919430891245433
0.00873681743078194
0.008539819812627733
0.005644345674004522
0.006123444195241039
0.010156410259281051
0.006158182497852249
0.010452616293686863
0.004617967286063872
0.0028962838285969466
0.0054124868100577945
0.007001303957198219
0.00478473305413657
0.005965629427506147
0.0017914227804708143
0.010126740093551289
0.004590805661712083
0.00952571082700849
0.002782651836884887
0.008943886057641492
0.00682179314605562
0.003625570108471275
0.0028429406567289095
0.007869579003884934
0.010788437621598151
0.002894785698010146
0.008709719915007678
0.005932812207400044
0.004088861070107918
0.00964488902124978
0.004947433409599463
0.00957173445800629
0.002704933743269412
0.005771377280576613
0.002172226407215762
0.008473645475118363
0.0019804574932709425
0.006763121978948457
0.006056714326637441
0.005066691114382805
0.006226943658643947
0.0017217620990946675
0.0052815329232609514
0.006667219731006214
0.009623200370892445
0.00455936688097735
0.002665148252069406
0.004170007760240667
0.004976300641008231
0.005576008358178446
0.008063891060884103
0.006047262965343078
0.008273200895783588
0.0043611612896062866
0.0020568069400954234
0.0042950229006581825
0.008100195757726563
0.009563970073798918
0.0033421967040947465
0.001548455836855485
0.00868167593413782
0.0019538413434796566
0.007187285085247727
0.0016144431504732761
0.002372958062458651
0.002023779878489565
0.0073408162547755704
0.005494675912418399
0.006047047535193775
0.004586312171465851
0.0034927571592051447
0.003984528299708952
0.0006451134257803668
0.005760610486203486
0.005961767199608658
0.005034177288364441
0.006305822977875717
0.008955930134335705
0.006704765990629767
0.0063971031151776716
0.004109620591456722
0.0026081709215233476
0.0070679531209913975
0.0007741173128704517
0.0022143662072603948
0.0015145225204113207
0.00564349193184004
0.004371924205587507
0.005996934929723214
0.008836446346587848
0.00529158334498531
0.00457857264781465
0.010316210654317414
0.008640038157852028
0.009705210291945567
0.0026220426541312615
0.005016191141023016
0.006651617617807008
0.0012839959934564471
0.005392207259492683
0.0025210580966011416
0.001450650677750432
0.006117929752659185
0.010588947453979189
0.007161111489878069
0.00721192128914431
0.01032828727503999
0.010346531153883131
0.00844807520168306
0.006664195628967296
0.001187915524799674
0.005260634206399923
0.005148765998001046
0.008844364294310932
0.0019840508691527604
0.002510018647912245
0.00529512831090358
0.004702003928153037
-0.30702750116500627
-0.01181530317072011
-0.03374033158469295
-0.04005287044223691
-0.04035349552252843
-0.016520796838099528
-0.0324805930870505
-0.02979630251881624
-0.03921996331140966
-0.054428383651463144
-0.06414408809691692
-0.04246831560181422
-0.0380246444452068
-0.06582734420227797
-0.08371057098127721
-0.21933957282801847
0.764993602645778
