7
17
0
100
0.004798961543889251
0.004798961543889251
0.004798961543889251
-0.5920050349479052
-0.5723853057660533
0.9722188854717051
1.0934382812053018
0.2728842229982363
0.8077442935186421
0.8884874417928296
-0.005901717607937611
-0.005901717607937611
-0.005901717607937611
0.14148251054408717
-0.04820943622348383
-0.0023386059041119777
0.8016463298189674
-0.23379347898462452
-0.07299411684215089
0.23064399786628767
-0.1156211149497401
-0.1156211149497401
-0.1156211149497401
-0.4196509761256625
0.7635702183742076
-0.8274808692939649
-0.28003612094747815
0.20052858473863716
0.027913411528779988
-0.7689028224242146
0.003784255088971548
0.003784255088971548
0.003784255088971548
-0.8245074162007768
0.21333971570809535
-0.5664233717540457
0.9861218642752553
-0.8074094484357357
1.0639441644514724
-0.25197589119381836
-0.0026760529961221847
-0.0026760529961221847
-0.0026760529961221847
0.018541663532249255
-0.7616262114608969
-0.2297843395238248
-0.3542921695074123
-0.33128823197681534
-0.09574835015678104
0.09197286908484158
-0.09107134763805311
-0.09107134763805311
-0.09107134763805311
-0.6164955062377563
-0.3665442851693816
-0.5276450564327906
-0.8574590583753853
-0.06941973164521807
-0.2693270138131554
-0.807667775129996
-0.17080788274740272
-0.17080788274740272
-0.17080788274740272
-0.32598942297726224
0.17046417058555485
-0.7049694591473769
-0.17034647253297375
-0.6306064801612896
-0.24356699087073083
-0.3062908559337823
-0.05250243117187863
-0.05250243117187863
-0.05250243117187863
-0.2705347442415691
-0.5860904275556716
0.07684545059008012
0.924748109729182
0.7733081178063779
-0.869013342712648
0.08610356603957914
-0.09805393964488154
-0.09805393964488154
-0.09805393964488154
-0.24002626063562799
-0.4673216936660793
0.8329349748798871
0.08340834423106505
-0.5380977287722569
-0.8219691421764547
-0.8591200219047341
0.008617959651156925
0.008617959651156925
0.008617959651156925
0.34179369194912534
-0.5153429332294928
0.30588347756392104
0.555365460226005
0.15254815321256138
0.8092343592123163
0.9457822157486934
0.025980600618175354
0.025980600618175354
0.025980600618175354
0.03914606651591106
0.9218378233086936
-0.3453709862468535
-0.25840901320470167
0.12564772326446408
0.8122173869246376
1.236351544296739
0.029617409883211473
0.029617409883211473
0.029617409883211473
0.6855542689144011
0.6106230733823474
0.29510323915760517
-0.506021367512945
-0.17141783516842324
-0.6819490716991577
0.9527183072254767
0.014472090277599874
0.014472090277599874
0.014472090277599874
0.2840803971013893
-0.6210400701250623
0.31728359639320186
-0.9640388593452409
0.11457547600397225
-0.07381100636527639
-0.3827064558984806
-0.03258332188803208
-0.03258332188803208
-0.03258332188803208
-0.1503892742338517
0.1964759978022886
-0.4436229809644532
-0.48249845144711895
-0.7944197599841606
0.6521009289302557
-0.21058286068859378
0.07636417615087772
0.07636417615087772
0.07636417615087772
0.5282937871908108
-0.3174953266854882
-0.8842563964752514
1.0563870136312612
-0.2559895602565795
0.8427686700928443
1.1400184681042802
0.011022039918255469
0.011022039918255469
0.011022039918255469
0.4695711695265819
0.4999490798939857
-0.7057749265629419
0.5805056395309814
-0.24701186077075316
0.33160558839112975
1.1142639877985434
-0.01841723664306862
-0.01841723664306862
-0.01841723664306862
0.555338460570608
0.509934111834488
-0.6393804769448014
0.8867109680221468
0.8308151560611875
0.3042397641210504
-0.6211171118962996
-0.023762113771467547
-0.023762113771467547
-0.023762113771467547
-0.49351926641886706
0.1198716355073157
0.24894260741237798
-0.06787645427831059
0.7176439125089179
-0.7306342469286035
-0.2089065257841591
-0.08125220312317644
-0.08125220312317644
-0.08125220312317644
-0.015609461236937097
0.8282672007117786
-0.5494533988359541
-0.0004778555222540636
-0.6487623845712265
0.29342529371793824
0.5706098150453319
-0.08569647467785634
-0.08569647467785634
-0.08569647467785634
-0.912646583383861
0.515068389182955
-0.15282657173906963
-0.7144935419614789
0.660577352653109
0.6508522045622089
-0.07849170212802983
0.0019707357464157217
0.0019707357464157217
0.0019707357464157217
1.0500705904315137
0.02239063371810483
0.6403649316320021
-0.34765574376132324
0.9246062202675789
0.5719683964598582
1.3150548547142484
0.010005933284157567
0.010005933284157567
0.010005933284157567
0.3308724980113955
0.1503063853340034
0.8189261302624152
-0.21139516758891294
-0.49140064479309636
1.1384942187120026
1.3238951980721863
-0.03825085666963681
-0.03825085666963681
-0.03825085666963681
-0.5906681409546839
-0.13349960746976589
-0.2969927372137568
0.25440014643540043
-0.6173111100465082
0.49018401219092106
-0.26501883526762393
0.030228192949891212
0.030228192949891212
0.030228192949891212
-0.02385478597175465
0.036242664031704605
-0.03411494411507339
0.7782595306344178
0.8030847123553397
-0.5199234858421455
0.9384379093539347
-0.017774353370175494
-0.017774353370175494
-0.017774353370175494
-0.03844189663180247
0.02275672326762256
-0.0025756504663153996
0.3974086623475608
0.3856465581510919
1.0474496670918598
0.02972125255022809
-0.024620860545266764
-0.024620860545266764
-0.024620860545266764
0.7069592957469093
0.39400422031634774
-0.2942866480887474
0.14336024141875411
1.0774177529886084
0.3745004321535518
0.06468723493157273
0.018351124747879664
0.018351124747879664
0.018351124747879664
0.3245295080858469
0.3998019532238438
-0.20461501830799417
0.6197673138650455
-0.34879104927029886
0.5191615881176571
0.29429386121858914
0.00016728638473693691
0.00016728638473693691
0.00016728638473693691
-0.7295172484385654
0.00022382875439562087
0.10024095102459962
0.6164125518221224
0.846399566748165
0.8675875760793913
0.315609565419386
0.05621426596830123
0.05621426596830123
0.05621426596830123
-0.5158302571558815
0.40326146301444027
-0.5140120728989938
0.008022578156854155
1.0085719095674106
0.8252442365560886
0.8753966584568359
0.007853896065371343
0.007853896065371343
0.007853896065371343
1.0898276148440014
-0.17395157991450336
0.7854647065841708
0.9820282157144531
-0.2260413506698476
-0.5261008855347904
0.9665449574494329
-0.03959582816140952
-0.03959582816140952
-0.03959582816140952
0.6283770443841236
-0.9997469117285975
-0.4600456889817884
-0.748112286452742
-0.37631271999931143
1.01480902812328
-0.336909636987861
0.12505913412633227
0.12505913412633227
0.12505913412633227
0.7095218255513894
-0.747342152189235
-0.6725487952809849
0.15364518766552207
-0.32424525856021347
0.6255656907354366
1.0314382952241459
-0.0534927168465035
-0.0534927168465035
-0.0534927168465035
0.38174740361153536
-0.43933219836206
0.2605791579549719
0.8473776220582526
-0.3248301347144806
-0.42435441273006075
-0.35837397427125894
-0.11275677754967184
-0.11275677754967184
-0.11275677754967184
0.3445935939687687
-0.5126060632014935
-0.9479434994761238
-0.5449323598461803
-0.9914681075743578
-0.6740121800677213
0.1904515793561134
0.09761604237757845
0.09761604237757845
0.09761604237757845
0.7860817754880475
0.7039115760623241
-0.7905328173017712
-0.8045080326511092
-0.545084915420626
-0.19530445778494965
0.9710646246415184
-0.013496605053859351
-0.013496605053859351
-0.013496605053859351
0.9904306369527991
0.6098666503341552
-0.24777015947612333
0.948085882270159
0.8861530530809292
0.632348096163609
-0.4303164959484602
-0.11512137690868955
-0.11512137690868955
-0.11512137690868955
0.39944794136692596
0.6913150339848686
0.10232483303702006
-0.8535648697409915
-0.3194159545140707
-0.4915161240083383
-0.897061961230922
-0.0025523761140933614
-0.0025523761140933614
-0.0025523761140933614
0.12136923119960547
0.20581300223386728
0.39278106585923867
1.1232828344795711
0.7061588660953536
0.9444425314297011
0.9061718787268274
-0.07048248895716974
-0.07048248895716974
-0.07048248895716974
-0.9461974815480608
0.3696297808428755
-0.8790729927356437
-0.11499720765048559
0.93006372884151
-0.32207472241080143
0.16101930605005282
-0.08066415815888062
-0.08066415815888062
-0.08066415815888062
0.6225346186799585
-0.6964756973638879
-0.6287262020346526
0.31641062771246564
-0.7417755829663556
1.0578752227245012
0.16465381593526654
-0.11456189495694585
-0.11456189495694585
-0.11456189495694585
0.22288787117059503
-1.0236270766111997
-0.04221183934025764
0.2149131480400008
0.2196409243762842
0.7819026433501085
-0.798983819562989
-0.04343360808393812
-0.04343360808393812
-0.04343360808393812
0.01035225102058171
0.24380810376720724
-0.04160300256022481
-0.04164016321758293
-0.7128889152296577
0.22230069303794778
-0.750002767832147
0.01603193979337238
0.01603193979337238
0.01603193979337238
-0.330944709287671
-0.1870181864061841
0.9922742014542428
-0.7251658867767795
1.1371828788310365
0.8686271930576239
0.5071044341635229
-0.09111860932433576
-0.09111860932433576
-0.09111860932433576
0.1464536946388653
-0.7237499629853607
0.022685150923018055
0.49101000263490974
-0.6748532215551752
-0.2180465252965316
-0.9735288042797294
-0.14065339344277286
-0.14065339344277286
-0.14065339344277286
-0.058585990755725584
-0.5800668616529486
0.8499061297987699
-0.8716365856760916
0.42690775342758774
-0.7520053831704915
-0.5447852034440236
-0.007434609454604414
-0.007434609454604414
-0.007434609454604414
1.0097182579453907
-0.07834905354141813
0.39385659921359645
0.15594335811989726
1.1630296126694097
0.9864149090146448
1.2563482538177069
-0.12675323523061285
-0.12675323523061285
-0.12675323523061285
0.1643272970545793
-0.5578140061149743
0.2582208751083548
-0.39244501628278694
-0.8832471448194474
-0.7787143240971823
-0.07433297479201496
-0.009681233542270448
-0.009681233542270448
-0.009681233542270448
-0.5375923801937045
-0.3969907260845326
-0.7451190577004368
0.9694816974303514
0.5747913790795088
-0.7081296466014539
-0.8659696057007101
0.03583544089739143
0.03583544089739143
0.03583544089739143
0.19248935803240913
-0.3980454497829145
0.5676654553196022
-0.07068201399151647
-0.21143500289147607
0.16098919306540319
0.49018695503676435
-0.0748978744973354
-0.0748978744973354
-0.0748978744973354
0.3823102924482859
0.8630519862983994
0.03430906894546833
-1.0337999567109468
-0.9855767554738913
-0.5642754907554494
-0.34965852876343284
0.03229435811808203
0.03229435811808203
0.03229435811808203
-0.027744736651455038
-0.8951581477751618
0.2752617062544459
0.32195627124535553
-0.33056381267460233
0.38546406065359756
-0.08495651310648895
-0.06155705903288687
-0.06155705903288687
-0.06155705903288687
-0.6815985804275076
0.8656109052013296
-0.48115818402663424
-0.26904404190525333
0.872851344896601
-0.009788405167849805
-0.4948849667330577
0.014040592467752324
0.014040592467752324
0.014040592467752324
-0.3112836374333273
0.0063339380725605954
0.38407741657887046
0.49305913842352195
-0.2735221644109869
0.12565370215124813
0.430102488256929
0.03897106156787429
0.03897106156787429
0.03897106156787429
0.7260812741946221
-0.14855848144791814
-0.8198550922563177
-0.7572241897729866
0.5286722402614329
0.08080518375168448
0.5258383192930179
0.000525342579718768
0.000525342579718768
0.000525342579718768
-0.7242184010408765
0.6156664450783204
0.9210542824935963
0.7465203162731995
-0.012342210330450876
0.13737112690792766
0.08247672895530787
-0.05939147347038911
-0.05939147347038911
-0.05939147347038911
-0.3576943847994337
0.7264464073869777
-0.45872594819370754
0.30862882683118203
-0.6823562889197863
0.5715745582901497
0.444253062849822
-0.10499885227355368
-0.10499885227355368
-0.10499885227355368
-0.4584788755553902
-0.6732529237029059
0.0354248154459619
-0.7814076990574954
0.37551365180232665
-0.585392753931104
-0.6243835638315712
-0.012219607482941864
-0.012219607482941864
-0.012219607482941864
-0.4039196416036831
0.679930136863239
-0.8876495567478783
-0.6591849302736149
-0.041915381163683804
0.3290076827820871
0.32045708130427825
-0.11726539451722778
-0.11726539451722778
-0.11726539451722778
-0.2527107325099377
0.29590682805712887
-0.38974797043972464
-0.7910473089802337
0.36909342814758217
-0.9520717989002426
-0.9810260680587579
-0.00021710530040739526
-0.00021710530040739526
-0.00021710530040739526
-0.3480247618117115
0.6641804832240511
0.9960883036367172
-0.7990765853134552
-0.6309594356490743
0.6346679148586892
0.8620077993267881
-0.07956297440131552
-0.07956297440131552
-0.07956297440131552
-0.9027712556119109
0.7898456880080132
-0.354279934037411
-0.4566797121102782
-0.5606426593393529
-0.20962909095290883
-0.77259830237522
-0.02460699107288136
-0.02460699107288136
-0.02460699107288136
-0.7604844105191663
-0.5379352444929705
-0.8316336211790321
0.757148352818581
-0.7401854123047367
-0.1434790394129936
0.3651897057423937
0.04661800157646525
0.04661800157646525
0.04661800157646525
0.9081088810817428
0.5803397114741504
-0.6335806236336212
-0.7262599208755495
-0.5485461826089593
0.8597309856043495
0.2584613686533334
-0.011883457712222262
-0.011883457712222262
-0.011883457712222262
-0.8448635534738385
0.41138492845412766
-0.25579844153794107
0.5268446368517018
0.40921593329887584
-0.7509527351723305
0.6406555749331632
-0.1042837037211046
-0.1042837037211046
-0.1042837037211046
-0.8037697350124197
0.8128763629777477
-0.17927463851291434
-0.5377234205053265
-0.5179372404149657
-0.1804464954197084
0.03907285941986298
-0.001806543148510993
-0.001806543148510993
-0.001806543148510993
0.7358821229529171
0.41414571768042396
-0.32467690633748675
-0.7050430846692755
1.0208986999981993
-0.5730862963542891
0.17912856505254773
0.015167799770715466
0.015167799770715466
0.015167799770715466
0.6588085745044073
-0.5012429708504803
0.7587132569669092
0.10929256676984596
-0.8413151000413004
-0.48059692730336695
0.3049497002706901
0.0291331958088466
0.0291331958088466
0.0291331958088466
-0.2354057022781881
-0.9436334617368164
0.5110700721381503
1.0457976109463465
0.2186385928866901
1.2610733166239605
1.3189589319907156
-0.024180441065540015
-0.024180441065540015
-0.024180441065540015
-0.45113910396600504
0.6802642371934297
0.7808647106303479
-0.7225194968547909
-0.5863725344711428
0.11737040889152872
0.9168263135415377
0.06697318751872315
0.06697318751872315
0.06697318751872315
0.526629620255603
-0.5878604379220477
0.14774930839417674
-0.6616225817047515
0.0737797367512286
-0.6095013389035333
0.9099718557733382
0.053311569003572
0.053311569003572
0.053311569003572
-0.8382409033365229
-0.021514769763664125
-0.27837234251316156
0.10242083874114197
0.15339104841733978
-0.5447342897913252
0.6325968200899231
-0.018831047687957653
-0.018831047687957653
-0.018831047687957653
-0.11992997978464673
-0.030904194620366334
0.7376169507812866
-0.8293583625166904
0.23238492486423135
0.5538472271111506
-0.147654387279287
0.026911393484603266
0.026911393484603266
0.026911393484603266
-0.13887992979721236
-0.7075691783712339
0.6995316692474499
0.05029756694565227
-0.43529049806086584
1.0427934927393125
-0.6463231062935522
0.04375033076039317
0.04375033076039317
0.04375033076039317
0.19252772771598164
0.8448216254467026
-0.9377741692112533
0.5148950000738777
-0.6611731787381917
0.812326814692826
0.23025911595101284
-0.09572234734824106
-0.09572234734824106
-0.09572234734824106
-0.7116106810011125
-0.3430215181932503
-0.345984737766752
0.26408555470985134
0.17024442422794442
-0.8867355715537242
-0.26576656276370736
-0.004328391073882162
-0.004328391073882162
-0.004328391073882162
-0.857724895388042
0.7111535920762536
0.5137505243577417
0.406438135318627
0.8300812289608666
-0.009970925209561204
0.7626686796059932
0.006309628182927004
0.006309628182927004
0.006309628182927004
-0.16848848025878538
-0.45031443691742984
-0.4083469950608896
0.8560467574305788
-0.09191193845097377
0.5298983068496366
-0.43217495767555975
-0.014357387557935685
-0.014357387557935685
-0.014357387557935685
0.6768546164828669
0.8607247159261214
-0.2090848678170242
0.6198012485879154
-0.7811468259197363
1.1144029426503788
1.0481533491797912
0.05126728952528377
0.05126728952528377
0.05126728952528377
-0.8114640370440165
-0.07180523932496383
0.019966001684664
-0.2255845135305044
0.290485878858359
-0.35815163865177985
0.9632103197704879
0.024551591240903274
0.024551591240903274
0.024551591240903274
-0.2403184882731972
0.2832628197895395
-0.442188793739652
-0.48585708702224084
0.46012954312119403
0.7228540483779093
0.8781015284162067
0.01592774962258678
0.01592774962258678
0.01592774962258678
0.821139993401012
0.15843202340599954
-0.5350602192890502
0.7602893415537875
-0.7516425771483362
0.8094804571347838
0.07814323107553468
-0.057905770831880796
-0.057905770831880796
-0.057905770831880796
-0.5416768582961546
-0.5024191071784821
-0.6473548500645175
-0.5680887501250438
0.4996473907502336
0.05729220076846127
-0.9616006964387731
-0.002742384134558111
-0.002742384134558111
-0.002742384134558111
1.0133478131329499
0.6313102867927994
0.8820750271674505
-0.34014818379489226
-0.09789828449519951
0.22467192041640663
0.5404552968548069
0.01223262374416988
0.01223262374416988
0.01223262374416988
-0.28745636172406247
0.8952891545599824
-0.006226456837043199
-0.14308016338179727
1.0041171846241421
-0.3325925522383574
1.2573862686430628
0.09617571741490362
0.09617571741490362
0.09617571741490362
-0.7238083859958929
-0.9425345566641671
0.5230022306219557
0.6458061496847326
-0.6799344278479039
0.4736144101108531
0.7530122901668655
-0.0037745452152022447
-0.0037745452152022447
-0.0037745452152022447
1.0889833967393983
0.9348222468695218
0.5969279184516495
-0.45330388163342145
0.7375292091323629
0.6533175978034849
-0.07878175749287154
0.05025291468527012
0.05025291468527012
0.05025291468527012
-0.1734582416289949
0.5295471146113493
0.6226377392138298
-0.4652320756661724
-0.47470523280059806
-0.2615427451411958
0.3708668659555138
0.03596778912744125
0.03596778912744125
0.03596778912744125
1.087951504001786
-0.20361991436323904
-0.1337597431359464
1.0466524263982164
-0.40078237463585037
0.24145028690183679
0.21706701526871883
-0.0679151554807979
-0.0679151554807979
-0.0679151554807979
-0.2069449993635312
-0.524017979075052
-0.3984891016970011
-0.12019589188646744
-0.1967150138404416
-0.04545161389609621
-0.0864057939834697
-0.03063963516330453
-0.03063963516330453
-0.03063963516330453
-0.13653886907447474
-0.6099880370894103
0.8214099672702625
0.02923337778617347
0.34265213482309403
-0.5182685369944657
-0.48540112429153043
-0.0024020018133758007
-0.0024020018133758007
-0.0024020018133758007
0.738303838641966
0.4347753854851242
0.72258531477778
0.9396121430633916
0.25594876326699295
1.0480456699451186
0.11002519304129482
-0.056801818280100856
-0.056801818280100856
-0.056801818280100856
-0.49727418141177315
-0.42188800419021055
-0.5417803261746507
0.2912617679832053
-0.9405408144469779
0.7859476577375384
-0.5536200377198508
-0.12487216737768411
-0.12487216737768411
-0.12487216737768411
-0.9138679869852409
0.7261566006896012
0.49310257885258996
0.20113920395122736
0.023673500086350722
-0.589261762936545
-0.5490952626838199
-0.009781900964332466
-0.009781900964332466
-0.009781900964332466
0.3392014501945857
-0.721599457849649
-0.77123423139606
-0.4904071423803057
0.7653805582858885
0.6104717526882125
-0.2644499088556552
0.02047641905018385
0.02047641905018385
0.02047641905018385
0.9919963451622213
0.46983346443728385
-0.2948101247439301
-0.20050297415147844
1.1189371102989882
-0.5012979067421371
0.34168934687780156
-0.015698557862509947
-0.015698557862509947
-0.015698557862509947
0.5074762029780273
0.38792281173408794
0.8530770429488087
-0.6265479010281875
0.34114012560886825
0.021603822234092664
-0.44876309602494835
-0.06723256440149752
-0.06723256440149752
-0.06723256440149752
-0.07971462583475201
0.16935489187462688
-0.7613623276918412
0.07032861087175846
1.034891281829362
-0.7585060206423317
0.026176953872127744
0.003332617139923927
0.003332617139923927
0.003332617139923927
-0.40071567353624865
-0.022554983941646865
-0.5983929218316273
0.5633214978819407
0.6968026327934786
-0.2216241544981113
0.10154053259155399
0.06184622613527937
0.06184622613527937
0.06184622613527937
-0.6644025119398466
-0.6252966332109866
-0.1368502500470194
-0.7434640523490584
0.14106101696544995
0.44511410541416047
0.41483839891624835
-0.1903764698819161
-0.1903764698819161
-0.1903764698819161
0.03044384681144199
-0.5747050819508085
0.36741954392823806
0.37430427554162055
-0.9623520076857124
0.39716388914265566
-0.8903638042719149
-0.01173911220416739
-0.01173911220416739
-0.01173911220416739
2.273816334156857
0.9503072223376714
-2.9096034858430393
-2.03785149494163
-2.377675951538377
1.6684936175973972
5.156613499712313
-3.2317778999179883
-0.685835137726078
1.8884144023280163
-2.4552496435385027
-2.4618935167088636
2.6843111904804324
-0.22108800989950939
1.6528706628597007
1.8136195490674045
-5.08343512208132
-8.546167576912818
2.1445023237458085
2.569006662395486
5.008459322241807
4.8045903284789055
5.4409820689597135
1.2652418114003785
-0.5019339218639415
4.0525387682290495
2.2909967615429156
-1.7311195922500016
-5.138746853322626
-1.932762280928543
5.183806964249858
1.9765823300858227
0.13287305797828508
0.3524927510654428
-6.261016530190815
1.4659043531511065
-10.417800250983735
3.249788755833647
1.7581917626938646
5.787019111812795
3.669971016345655
-5.364374277055093
-3.2118947362470602
-6.044226359652672
2.804144489520595
7.315257172404873
4.575238667369723
-6.7595569878548
-0.2782244574042013
-7.91438227307605
3.234602997996334
-2.682663541965153
-5.390151282059222
-1.031179066056088
-10.384688814553053
-0.5497221208103154
6.235579674511107
5.181938564463227
-2.1420043783489224
-4.010010160102869
0.2363740988466318
1.6021275231346
-3.4767859669431393
1.909415077629949
1.9096454595193344
-2.003097291892802
0.14668472692014176
-0.7427946040046121
0.44179615436747427
3.8555543024721337
-4.455205738990537
0.09550749945308497
-2.7180017371298435
-1.8328157412489916
0.9567463540940703
0.607853402091002
-1.955655825889884
2.6415357421898693
2.279958419767453
-2.041187025381541
4.376225750237375
-2.288131718571881
4.146740593367228
2.208256779549531
-5.707885291225075
0.6784814616982014
-4.494746952747672
-4.042459452393277
5.173660487889834
-7.14897003959632
3.28551949432965
7.022908376994023
-3.792268420458003
5.198264432749582
3.4410730415363995
-7.178029968395512
1.655892265282119
1.7656855075397884
3.1805380047440632
-2.755269170464912
-0.0004848688255529167
-0.0004848688255529167
-0.0004848688255529167
-1.0707965868694782
-0.41379183458283364
-1.0558882453212384
-0.2987677134734794
-0.37393586005577084
0.9487103797285423
0.7715093697959551
-2.2618350377255503
0.4808280066790535
-0.8462968268695055
0.12331405094903163
1.289845006670278
0.9338820471934474
0.26712524710362456
-0.2875525207714476
-0.2647399002705775
-0.154237002655279
-1.7973258704907797
1.0798229973233446
2.181871692320159
1.0189154039078414
0.8234733066398346
0.1310331728074879
-1.6155382159159872
-0.16405905186795228
1.4948643444601803
0.020397495679569232
-1.0591320434701903
-1.0812514081609945
-1.4214485549760636
0.5560219716866154
1.109931365543185
0.11101024274139572
-0.5283700821868558
0.6814571246688053
0.6086309267408911
-1.0376964566596616
-1.3158387146646762
0.6232064534864251
1.6334038786170997
0.8535803052467943
-0.858179787269333
-1.118271181425887
-2.0811049271061477
0.610825907818938
0.6603384260734022
1.145050649851869
-2.20879765467825
-0.19241810311093654
1.3501782850075017
-0.35894721981415867
-0.30183952976163114
-1.802799058724631
0.9940278814203778
-2.700736025552787
0.02492039453514834
1.7137738053504727
1.7624420541452621
-0.7557488412734366
0.8047143058403842
0.8130149267786269
-1.1656658608054622
1.0865638075225408
-0.17071417274547848
1.48071019483112
0.6416948680257839
0.16504254365067053
-2.736194059986308
2.248426147922149
1.622883675999622
-2.190871451542545
0.17125014251726844
-1.3261465747172219
0.030177483670923516
-0.6608309252376079
0.12025561359871885
-1.346134784527909
-0.46303422429174995
1.2640568420641214
0.536050941286208
0.30837560653371365
-0.9561056797940113
1.148395369669034
-0.48820192782307364
-3.3074556853309556
0.17097862456904428
0.13303776350699423
-0.4696719635488261
0.6371316874717334
-3.0865732155526517
-0.3941817102877356
0.8724231911701051
-0.09361371142451445
0.937240794948629
1.1913626730266775
0.39943597374965506
0.1445663070679223
-0.8292110981151307
0.18165818945039308
-0.15236009363505001
-0.001737275421457426
-0.001737275421457426
-0.001737275421457426
-0.19517536414910938
-1.0920537205210756
-0.025544197438531067
1.0963587781046595
1.0843107238220833
0.8925435426831048
-0.4001587940579531
-1.0719745505693572
1.5744500544135789
-0.6888488770924723
-0.4912668322531304
-0.10945117021006381
0.5312544923306566
0.05278430090685016
-0.5944883522183354
-1.336539661196431
-0.3872435464377538
1.206796336011273
0.7168667789835766
1.7206365930973628
-1.1387707929704798
0.2647936636039397
0.21580912935476976
-1.5056077371048526
-0.8313363040084637
-1.3976204832621102
-1.3768942352001288
0.051251743565686125
-0.4413096093728981
-0.8552761459270309
-0.6260239452403721
-0.8503740766224461
0.13103482417432383
0.7939664285442792
1.4261084875450316
-1.2717542460673208
1.070935803909189
-0.7649278708708687
-0.013465240426806394
-0.4488544425357169
0.4182103671581758
0.9525421444122942
-0.05502327105214656
-0.9825302818225895
0.2304114465800462
0.34202983213990684
-0.052359765576653866
-0.7663688531557978
0.7469876053091112
1.629333149920621
-0.511838273447725
0.8201787308446004
0.053246465684037673
-0.13379518553044584
-0.751817180523635
0.3197163908524949
1.0125901371616404
0.2606039330255717
0.15751644653485683
2.2867746010428576
0.8643554872847009
0.28186023074627115
-0.5201972524183678
0.7977652865491496
1.2582355628763575
-0.6482728349112412
-0.07491168955294805
-0.6671737119426729
1.963535369325857
0.3373814073767172
0.6350514716641618
0.8640237100539905
0.5602189216887125
0.08065647745022482
0.17241713822897753
-0.4450736145458024
-0.7212810001568456
-0.1237527322666347
1.8876444591512649
0.5760768184587353
-0.3119219085691564
-0.12999561240710425
0.740408187076798
-0.49709385814183316
-0.5432738349649295
0.18651877809435646
1.966522617581604
0.09323179864750072
-0.348488506157614
-1.0074942879221327
-0.1262456167925734
0.5390429423802245
0.8488365650878162
-0.14026636666766243
-0.9148493352022047
-0.11023736089788885
-0.23148707918507783
-1.5721655416833615
1.110859003242707
0.32888710191633586
-0.0015895936583407008
-0.0015895936583407008
-0.0015895936583407008
-1.0692288459623729
-0.12836905611771365
-1.1981717255855482
1.0682654305511123
1.5868311554927719
0.14394950799149187
-0.3544573672193362
-0.6605321587042786
2.014495930826813
-0.2061474370448327
-0.9560272365623708
0.4852964493335406
0.5175860644456154
0.12273406012972093
0.07713528768655381
-0.5702475001370316
-0.07454353305757297
1.4081349531141316
0.46681041964043335
-0.46399907358587344
-0.10037844446251383
0.9163986955737352
-0.11767972777433804
-1.4958752934281496
-1.549713487109921
-0.9586893269634166
-1.2394334098203372
-0.19858908105172154
-1.2642441498625117
0.5627405354152093
-1.0488385963843703
-0.31265407141576923
1.1086480105011645
0.8226118369154892
1.6679602887899772
0.6951173139320284
1.627798939662548
0.681890777177497
-1.8794336774584048
-0.44729060493638967
0.7779127258183598
1.8494267227603796
-1.8029483329813447
-0.27382606649331
-0.5044226226328558
-0.870677346080876
0.47224770842918695
0.2342240016542166
0.5507411694357446
1.444961976164805
0.2524679801465148
-0.44465780157463625
0.6090663251619453
-0.8365638957135971
-0.9908310682406348
-0.1286739375981214
-1.021400399249795
-0.9067179461359232
0.30602369147523517
0.4863230644366815
0.1309329301594822
0.6368732672512604
-0.603702495931067
0.15985181406185298
-0.9594399753586325
-0.7137753310068733
0.5877060379769227
0.31751165855354935
0.5764661070472477
-0.5706838453113432
0.05167525353093931
0.8100186235991848
1.197887893883677
0.7811163347294764
0.024335690098583343
-1.102105486472184
-0.4669327801706722
0.6409037026785533
1.2210805500903632
-1.12633503353722
1.1666805008844066
-0.08310305124271672
1.1931368788841281
-1.118539726150231
-0.49622370491301815
-0.3756368274421688
2.147507247369917
1.1572961399730068
-1.3600158778666782
-0.3893501502350733
-0.04794455991485292
0.009256195675580167
-0.41762747745366163
-0.16319229377425395
0.017400402825438362
-0.7682502889065842
-1.2623885243719688
-2.081442512800097
-0.07855039579741539
0.7023486813050143
-0.0018965239391746471
-0.0018965239391746471
-0.0018965239391746471
0.32155419986368317
0.1004740503876166
0.6232191211889421
2.4982427833049297
2.3692244244343232
1.8923022379637755
1.4610407260038358
0.2852292136020033
2.04840556531376
-0.015414584799455362
-0.12193228180334251
-0.3846348154091248
0.9685715322938038
1.4849806286627376
0.8255357383743644
-0.9375862634739532
-2.1802165382665515
1.266701278725043
-0.5332179690632229
0.5582752304398085
-1.2555480689715035
-0.7137095109973094
2.297383354084783
-0.9982746711552692
-1.5863124243544824
-0.8742773774491858
-1.0068633821418786
-0.14735340169416797
0.7380464836354509
-0.7427990260591618
1.2877873417387453
1.6503239875909574
0.7307028238863638
1.5930553772130063
-0.7126796925139273
-1.0723575933671194
0.16560603649022898
-0.723133760985745
-0.2635002261182762
1.3411748072223904
1.0927834056487522
0.6214054248569589
-1.4008922447488046
1.5231507138412756
-0.1509050411358201
-1.1381951299777637
0.7822841866974116
1.1517199686661967
0.5131134485018749
-0.23826364059886287
2.532671142749558
0.8243469298081502
1.1634672894851423
-1.317950232592326
-0.8807813190201084
0.5102216489010863
0.24796082988411877
0.7883500541930111
0.2671287682488957
0.3713061799539698
1.470773355969579
1.7067950515290682
-2.122690557836885
1.2399607352602202
-0.30639830425459674
-2.2258580279167983
-0.148524225619361
1.254636398054785
-0.13450854676824406
0.1004171291577161
1.9028628111958328
0.38131160904943295
2.013048851585115
-0.6905915754372851
2.514985317916506
0.3477896781163706
0.053696697242031875
-0.005811655323445005
2.096067411148733
-0.7879354444935669
-0.6840496267781382
0.9556076759251809
-0.5105227666726914
-0.6775882111751775
2.0864251493187274
-1.8112671464195476
0.3885379971344959
-1.6804410823987206
1.355823956906403
-0.2669383760035453
-0.9157750123955609
1.1476397014936444
-0.7965201358807041
2.345827572107121
-0.8678489778205177
-2.624905836993857
0.19211924567832805
-0.37304886936413506
2.271973018850886
0.4817851130180668
-0.0016637795823123834
-0.0016637795823123834
-0.0016637795823123834
0.6381805338356693
0.7976554273748921
-0.5596008311214984
1.6015915568482137
-1.13955129077513
-0.6558208980927834
-0.8687906265156915
1.2268563653200721
2.5001545004187546
0.09761223458123158
-1.106687186832445
0.04077692585480706
-0.3665844780603326
0.07372132807306316
0.5588378452178216
-0.12809896350821506
-0.90363142273408
-0.5504508763478672
-0.4163291849088157
-2.2624192399706233
-0.07645302765588444
-0.6009615578095127
1.5839164958324046
0.29794710429165394
-0.6449180413697672
-0.24201412485615204
1.5806563644520195
0.28436233082419526
-1.653498834546754
1.9687030773858973
-1.0780033024202258
-1.048492604323641
1.9609462017157855
-0.06095493309569516
-3.1235712059754848
0.10932091760073971
0.2138753738613778
0.5784651652132055
-1.5542231455392088
-0.11814000741723571
-0.18707201933316842
-0.22873067383832763
-2.194518545293243
2.1984638737023867
-0.448851163261153
-0.12129351375579596
-0.27914822971122843
-0.5588823413555227
0.4919499734493365
-0.9336650661112016
1.6160531421285071
-0.23398643142189499
2.508952325128507
-3.9087861879618897
2.59921733861498
1.2405110096459655
-1.8696589416575935
-1.7616163607704611
-1.0028870376319607
0.48187601804642616
-0.31894595713774787
0.5126311275589164
-2.368225655076424
-0.06434408548741657
-1.231325792233943
-2.587119109063517
1.5687229041814323
-0.11489386554984694
-0.7277465476604444
-1.5969088486070968
0.41331062832069293
-0.8216987039925004
1.2725897605974916
0.1553248063119443
0.7169373543166242
0.9389727027519511
-0.7466280194051914
-0.2186273073306617
-1.286475550153743
-2.7662647487301313
0.1308422531794565
-1.244941632765863
1.1344853032380962
0.2304683077849791
2.37295523064118
-1.020818707510748
0.6654521227340551
1.357496757317299
0.41377744213871354
-0.39679430047750447
1.072683914668997
-0.25927644701651653
0.008679429768382279
-1.8538358237876467
-0.3284690803690691
0.5038114486998124
-1.226345467495796
-1.50968353156841
-0.3236950349001587
1.4191370580992113
-0.0024077132098334476
-0.0024077132098334476
-0.0024077132098334476
-1.8284008166351382
-0.682023881394337
0.30165855563550975
0.41326147466734203
-0.7786743260191225
0.6009272786405976
-0.4689165270006672
-0.2397259842516143
-0.17123237240581723
-1.158395299214719
1.08829053254779
1.8901441756229966
-0.5900838574856982
0.947074444557284
0.7337879056811569
0.29014470486208227
-0.42319773015068557
-1.0297753160476293
0.9754692758179612
-0.6718508521890444
0.4603797384847064
0.052995898784381296
0.5627427762309372
0.11963484717610616
-0.6594281405392906
0.3896995400135785
0.6815781159355313
-1.5177492943350601
-0.04105325882346706
0.28618842964743896
-0.9202619892294549
-0.7128323777075461
-0.7936701328452275
0.4600435369922446
1.459717991589589
0.27944598862401154
1.5690022269773531
0.2342555023637387
0.2730158395357803
-0.47613926662780265
-1.7500532434911897
0.03518207569298973
-1.8640776897833167
0.4637057057834453
-0.7994966619737689
-0.9288844737240493
-0.15016280360296885
-1.8655927371875536
-1.1231637845941234
1.1436645252449338
-1.0406653271485433
0.6975145343888908
1.3449632230752566
-1.438707125058888
0.6766191841503135
2.0156621537756654
-0.4892924625652735
0.15216526608006054
1.0958473450139778
0.9426489262793958
1.1755878388332914
0.5570187328671213
1.5461140249693661
-0.37472787150651604
0.8532503128595
0.08497455375476329
0.03671279933767178
-2.040040567489738
0.48659477262666323
-0.7127288210647575
-0.7511695542656168
-1.1466822140128605
-1.0982111954217184
1.5023840375234272
-0.8156570762555332
-0.5056464365914579
-2.1314861819588127
0.3759324150153794
-2.2359129037903247
-1.3079589540983731
0.1774948599438045
-0.31190463565759263
1.1653400047560187
-0.04382312092315812
-0.094251034237578
0.6238790327735458
1.7857434058120518
1.182361508511741
-0.2887735698585859
-2.180604277105543
-0.5386987953461047
-0.2536212230466272
-0.1031523290166473
-1.6062583111570161
0.7426878819778828
0.25668199769609323
0.35135634394586734
-0.7292583812540377
-1.1352701012785136
-0.16719193475422348
-0.003241039928040957
-0.003241039928040957
-0.003241039928040957
-0.7595624137846221
0.39737086064485205
-1.1944333554087256
0.1980504349437108
0.6797209903283045
-0.35249215026521713
0.36695172034151174
-0.03691407006634079
0.42259034441520793
0.27478423519945727
-0.8087532309056042
1.6951866199254582
-1.1608990035468998
0.9338876672972424
0.8665842446011837
0.21219591643859476
-0.6116232936684576
-1.3495466044984552
0.4934517559292003
-1.2204822960452646
0.6052020549694436
0.9765699094655955
0.8123342384342913
0.52414263142128
-1.2582320683739094
-0.3070688891544468
0.2938003374281121
-1.8793401655065274
-0.859526087020599
1.6599823112578755
-0.19405239311309375
0.16222104298243137
-0.11490115360887977
0.7142212923782093
2.1285306263283
-0.010794701684992188
0.7779724948434809
0.7027236403951761
-0.4981499104969363
0.18515055901419844
-1.4654493342825763
1.2419628659206794
-1.76013423289437
0.5053900363191031
-0.7957029069933678
-0.4442944116867462
0.6221695172273654
-0.4181758740116398
0.2099429331066086
0.11160588954192589
-0.6417868488858745
-0.8968272433784881
0.848420194449607
-0.5853932096388856
-0.4133976973062142
0.40855951036187826
0.12881805025237975
-0.7696057430252204
0.7241045448422581
0.636756942244112
0.2978885306188118
1.6660136974968465
2.176670908096506
-0.6414819316897181
0.7700382406939794
-1.1019618425845419
1.2706045802485084
-0.7266396710540437
-0.04839120279546351
1.1558590836821718
-1.7222861790840913
-2.131159051366739
0.3663830892767535
0.14137632949412215
-1.2653058740337384
-1.0623492770441738
-0.834633873612172
-0.018387150764832424
-3.4176535680088613
-1.4909816921969095
1.1431002410132252
-0.20133940104796674
0.2156116143222345
-0.7142659572741891
0.482959525818602
-0.7648486650706566
1.1475486580065497
1.0910763944075346
0.40465963457555704
-0.7705980573679768
0.563208855544178
0.7441463964260355
-0.6002305552507133
-2.016293380566662
0.04258217865726413
0.466882724357427
-0.8159029331972519
0.007333125670247265
-2.4935882241965595
1.194405093856941
-0.003849906699393572
-0.003849906699393572
-0.003849906699393572
1.4557604908385133
0.38556004338771455
-1.5092124699856384
0.009426278586914411
0.6383680577137697
0.06361874897150586
-0.10613587563252026
1.507851310004103
0.03089378092231791
0.7545722793560241
-1.3756695861060437
-0.7201309896459719
-1.0350722346117212
-0.9069070984109877
-0.39825805346967225
-0.707715030752287
-0.43730203742129065
0.5736008564850796
-0.3148128811491764
0.12730635666783163
0.2311933903245561
-0.6709428451646978
0.12232160181659184
0.9886981698639835
-0.47861028383788967
0.7341158823564723
-1.2341403847328445
0.08130206055656908
-0.07313709576921497
0.7459785978848607
-0.11310785600978762
-1.38220229461768
-0.35544276235613703
-0.5151380657526154
-0.6444898236037016
0.8142116174957889
-1.6769291278661373
1.1322897026044791
1.4606229391425287
-0.7287226832213974
0.09405915945600142
0.9677663772443015
0.2969138665123931
-1.0080051141232829
0.007992668992007578
-0.6169004947037062
0.550970774818926
2.738988248057988
0.36169138954225366
-1.4805303798728617
-0.42644755515598437
-0.31262615031171476
0.3016196641931328
-0.26126799359569075
0.8719538536528163
-1.0328972252484
0.7538125577682669
-1.3811378920589348
1.1227650694987013
-0.32491483423014356
-0.25174882740335464
1.8038586684794158
-0.8664369730656724
1.3711834657211273
-0.24758840986117842
0.06397121798815492
-0.4322922925519736
0.7492736743371996
-1.040903554833922
0.478361622450376
0.16114400929192638
-1.2043641087931989
0.8444961527404052
-1.9091375003493178
0.24328421441842119
1.0548585291462376
0.5428733048647516
-1.9309861659327205
-1.2158304816865693
-0.3015130124882253
-0.5334366314679966
0.6177562314234416
-1.32470661774408
0.8362272746283398
0.3923435947706458
0.11939455872453858
-1.0403555278629661
-0.525288671115316
0.2861698183537647
0.9823781422792182
-0.18833954327111116
-0.2770022325596025
0.44242480209311175
-1.024343141706477
0.17169772688109042
0.1189593217063336
0.3056423517054844
1.9821889178001304
-1.1761401082556102
0.4531350082350853
-0.0031077643812117313
-0.0031077643812117313
-0.0031077643812117313
0.7977652841870515
-0.009152004018306018
0.3858430464504936
0.8565806078497725
1.2341387825545884
1.1825250906686169
1.050088424914666
0.8435181749230797
-0.7574121128264045
-0.469113500434031
-0.21738874280861195
-0.5597012134919122
-0.09015709422319873
0.16382493763201705
0.060325355454762766
0.15479512286538205
-0.9130080308928189
1.4538060628734
0.7883945799427193
1.4707179440796765
0.2921270485406954
-0.20424567449133285
0.8988749190065554
-0.05999587979277205
-0.2900804634148217
-0.4168370333435048
-0.4041286742746188
0.10324237087609904
-0.10195947810219326
-1.3964394241510245
0.9436071883207632
-1.43185045234303
-1.3564139047307802
0.5791161143927218
-0.5135788085791904
-0.8661091804691047
-0.8353592259708841
0.5662256274072395
3.200827387575634
-0.9827068703165527
-0.12547654775143538
0.4936166889683104
0.5112708690252895
-0.14914851976642488
-0.17819957863126054
-0.4886165998705702
1.289214259887946
2.5588662681049588
-0.6674055224715746
0.25761124831216875
-0.9886066011566618
1.308819831520811
-0.25724437159569424
0.7914109608489541
-0.292092884815565
-0.13834395215628525
1.4535237569933075
-0.4593668220845
2.280444541065928
-1.3395808394546134
-0.17814487097804244
1.5460104786605036
-0.9769151499266255
1.1743638500755182
0.43566624580713204
-0.01843125576238026
-1.9234575339257691
-0.16785375094604374
-1.3112290731949254
-1.0314728363827144
2.5799702442869394
-1.2852463499375424
-0.37952353898066643
-0.3666515232969012
1.3107261096177822
0.40626097304600145
0.22303496162100336
-0.34022985020017676
0.47004630713571777
1.3219369957474327
-1.3574891584292523
2.0385505485910387
-2.0849434115420835
0.11679765930082446
0.13640214154939045
0.30473613609440126
-1.340714061494397
-1.9170587046079732
0.10671375072067765
1.0077926841126552
-0.346415861022752
-0.5629693945296337
0.7161565559763868
0.1796961570391116
0.4539445440820791
-0.14664964787844711
1.227671682924737
2.1643621033064404
1.2261994038298358
0.5021361878962158
-0.003498568734309285
-0.003498568734309285
-0.003498568734309285
-1.193336675859708
-0.8445395475123385
1.0377007997330547
-1.0353989711194014
0.9553711895799737
0.5529460554189394
1.1181503349149577
-0.3793646229110736
-0.40009154047298434
-0.9773762690267744
0.10576666959196018
0.8742561115379747
1.6170408349386196
0.40029256419443493
0.4269500005084916
0.01426481262829128
-0.11394034397805347
0.3990496220894296
0.4560422212503811
0.7891434270237708
0.48400953829423937
-0.5102821665238293
0.10855115425969651
0.22958411326816316
0.09743044285147341
0.2562542206558589
-0.4120088200888986
-0.642686432780012
-0.6035884976913622
0.4503387251047804
1.2952629088654706
0.5180000864697512
-0.7885051576543286
0.04694827304806661
0.5556332672077644
-0.6928994446130806
0.9971983296316859
-1.236709315322696
1.0575500616754956
-0.9095231314364493
0.1268775938137101
-0.018203309169240293
0.12605474510049913
1.4336603972729778
0.44107020833727484
0.0502462322846568
2.0431205402879518
0.4788214651387918
0.3144509449207976
1.601862605512187
-0.3351037310096418
0.330651417915639
-1.2830016967411828
1.173423524791528
-0.7219543042361526
-0.3759193916015817
1.3828136821493844
-1.1311124215570052
1.438597453906158
-2.1348871085006427
-0.9359885015534987
-0.9543228622444428
-0.058835656141961845
-0.6840824164044083
-0.47285782541765203
0.8132281224300775
-0.5534162439318029
-0.800243759906641
-0.5234204511562918
-0.08792528935408339
2.3014340621038385
-0.7603138740618989
-0.6997022356605135
-1.194171406122702
-0.19595654301931698
-0.7577803358129669
0.11343911084953202
-1.0617345424128777
0.5167304976804975
0.8119080777591966
-0.9101540922943927
1.4453920246941634
0.4851408856610442
0.1948494549090813
-0.8633178652942376
-0.4364841930570979
-1.1220046482092492
0.00020183534877847098
-0.24669628786119355
1.421906186034445
0.5012375497480154
-1.138120510623483
-0.7548862988449511
0.8706094474383292
0.6557963818054857
1.2527057389457565
0.5317955554992349
0.2530575033682335
1.4895030701385303
0.7839835148056075
-0.003977000222568694
-0.003977000222568694
-0.003977000222568694
-1.7931753173801754
-1.0305006569743587
2.112003722423902
-1.7496260478973307
-0.5536824593725986
-0.7995859319670098
1.2935269915280965
-1.0219249498716436
0.3067166833833325
-1.199525654726931
0.7076204533201091
0.89119319215717
-0.06771381593212757
0.742999673109811
0.4088331331194216
0.7767024946075088
1.0855728408082022
0.10052623524485774
1.21230438397746
-0.676292686560166
-0.12111765378509735
-1.2086579673328353
-1.0374818338242988
0.5754315607842724
0.6336095549398789
-0.5338854996675203
0.7755919852389807
-1.589625259186815
0.21568264083384672
1.1909734376668315
0.029569921243753856
0.7635121237301815
-0.22243724055451003
-0.5696372346803847
1.3971593721869962
0.3345099937235307
1.6361006865459151
-0.6552250910317498
-0.38350019333031327
-1.7425907186727743
-1.4763092291565396
-0.35050133616017776
-0.9100037582750248
0.8886602175315377
-0.815192176811644
0.5616007750695834
0.9307294807531553
-0.012964525653749361
0.5430344767429818
1.8260778043145214
-0.7016330903123863
0.024522242412804724
-1.6789847425151978
0.3023697322346875
0.6028457330033041
1.0815951866743145
0.06859673778410569
-0.6163912821535692
-0.09930486254917599
-2.2056572263852687
0.24813891163501914
-0.5633311997447618
0.5538762772173779
-0.703709688021239
-0.9931465929280993
1.8660320652372617
0.2974465852006905
-0.5688352243257875
-0.8631516578913203
0.19592035463574603
1.440693247538189
-1.7951072464866575
-1.8905194986448832
0.6834811493560051
-0.46993120789525755
-0.9029820845154044
0.7103648108112022
0.537592233740487
-0.046804740581926865
0.31978582915206194
0.851897877359845
-0.34490463682810946
-0.16812230233653555
0.5141956243975295
-2.2928873929584794
0.5989468617439309
-1.0083556245629726
1.2359741556603123
-0.993973081589241
0.38563538950215426
-0.817160562104911
-0.80286115854008
0.03036028155447414
-0.7245046560765486
0.0931420578031771
0.711010508346028
0.06807950155635814
-0.6119776105627035
-0.34541727322313903
-0.3633041355692211
-0.002245834811015073
-0.002245834811015073
-0.002245834811015073
-0.03346572167585479
-0.5014036935047106
0.12671270037824697
-4.127052396737511
-1.0677158785614511
-1.2487216322954826
-0.693129299208511
0.5874070745982669
0.3736634421138869
-1.0502772099955906
0.3427824595476
1.4435408056946628
-0.9460121415124871
-1.369187310674855
-1.0739635095444795
-0.9187557456468305
1.7029904657842865
2.065531877490851
-0.011603053064895497
-0.9487903776464327
-0.155043580911363
-0.6646156076751739
-2.654675629448638
1.4947594057093743
0.9411009726295279
0.6490261262234233
0.22674849956804438
-1.0000098567662437
-0.7798964101042994
0.4078916885815562
-2.146482439662284
-2.16814744550912
0.9846774245210811
-0.9199895651228566
-0.7541043789935978
1.085813421154584
1.0510495510172875
-0.08920363387468404
-1.184853331094402
-3.058197856936082
-1.4587581913030403
-1.3270571847801753
1.1457593185600758
0.18245530856083048
0.47420063713932925
-0.15950007855204887
-0.3332661992080658
-0.8171362908943174
0.6859696391416029
0.48028016857144784
-0.8932241930959167
0.8536106035987066
-0.819844941453946
-0.3820877446931712
2.207588594455572
0.10274404756341056
0.4473405936022116
-0.9526238910718058
0.45617507775842797
0.2547734827552644
0.01711047260384464
-2.252931746695682
-0.8375091511465074
0.3656098037091848
-0.6136164250717617
2.9724157651569216
0.7341623855174051
-1.110165701837791
-1.0224467057949873
0.8095930382454045
-0.13451107912800897
-0.658359420468308
-1.2268589854743266
-1.1721405474695945
0.022735164403631426
1.438902793359133
-0.12121954292650972
0.2364183126431456
-0.5610828203706273
-0.16374267620443672
-0.2827751531480997
-1.4107391519719465
0.06242915354394851
0.39754054395237204
-2.656042527145504
1.9666515094947556
-0.6127655230745391
0.06269243728978433
-0.8800097256941021
1.1646357412155757
-0.5219653873157551
-1.539946567557412
1.4396921820682278
-2.543071966677568
0.8109305582332524
2.651107471280865
0.4327906520950538
-0.5729843885513015
-1.9201774243991243
-0.9795588303092112
-0.005962440438345538
-0.005962440438345538
-0.005962440438345538
0.9888272928101142
-0.12876310996145496
-0.1479913775943805
-0.9782879772392993
0.06520713615445814
0.582664869865015
-0.32153949985240676
1.6984500548021044
-0.12192952820694676
-0.6969004578072442
0.3936160995900789
-0.3424645236694225
-0.8717667896315945
-1.5926862795603967
-0.7666649254268325
-1.7418753349943823
0.5932975401812841
1.0037539147920131
0.07830344322548582
0.048595315199424775
-0.8061796267493494
-0.6826319934816805
-1.0657662343035759
-0.10543415639102757
0.40015414241047936
0.005701888537120723
-0.48782997607863
0.5924212219158462
-0.23959559186612137
0.1274196270510546
-1.1730219800072235
-1.8945546409277065
1.166267964945813
-0.22604598191388078
-2.927090200167586
0.6549673130327008
-0.35772602294896727
-0.010562211845775972
-0.6728864195643968
-0.05296574218726577
0.9290845169749331
-0.9999345870198557
1.6192774844231412
0.926405476711111
0.5849386758373954
-0.6624206909186117
-1.1339326371544842
-0.12463044585470169
-0.2080749996352553
-1.5430114506964918
0.7042148677337463
0.1507303707073861
0.729551517197772
-0.9818689470394483
1.735726033224997
0.0741751074850763
0.09731678916754279
-0.771125103016179
0.6046971633032747
-0.12676679259438606
-0.06302093165693215
-0.7840894310844285
-1.9671005758146074
1.35501068710431
-0.3076585570343492
-0.4040996694173099
0.021705339286317817
0.599298665155955
-0.36032807930304717
0.18129812011333943
-0.07712067655795363
0.7340826995784601
0.6052632816691185
-1.1778586881373965
0.3468366669537666
1.602265744943997
0.9581305391120412
0.16257229342871457
0.17909139126569748
-0.07049061133439581
-0.932084973880069
-0.08058062352337036
0.06795788067614243
-0.018917029113740328
0.8817809009063392
0.3127608593760808
-1.2568091639540915
0.2040427900782391
1.077517136992355
1.5614034396827337
-0.6630823203188234
0.374058403500271
0.5209586755178152
-0.7733721650211901
-1.9215995734062188
-0.42269393752164347
0.6431796128874717
0.9755921075969317
-0.07913397432721482
1.253120269945084
-0.01563183914230374
-0.01563183914230374
-0.01563183914230374
-0.6787654000909292
-1.2393054362636093
1.258907458196089
-0.43427994649334944
-1.5918344938740767
-0.2247710449000571
-0.412219960930364
0.3425360316413553
-2.0748496487452917
0.1807840971343047
1.3928469236744758
-0.344810566748063
-0.9885896803132296
-0.8302816149094887
-1.2124552373426496
-0.8752051521132084
1.9774062381462303
-0.0652726098188436
0.3891668303105734
0.05429786914423335
-0.587017635164159
-1.19292790083121
-1.5937129437359228
-0.5301319733170308
1.6970132170736487
1.8494047294494593
-0.28643997972054436
1.1744928603911462
1.3689404923334905
-0.4318903755576452
-0.18032168790216158
-1.0265339452806608
-0.7042407165967676
-0.6380611847840757
-1.4374887857050735
0.18141863721880916
-0.016070887023421517
0.5524925045206995
-0.7028710280160956
0.4397631623267109
1.8313934591951704
-0.2189730261963152
0.5041446887759077
-0.19366525820501945
-0.5302418462087417
0.5870582095039952
-1.6933421328369573
-0.47012908955180166
-1.901683611537792
-1.300197298802297
-0.6103675133851616
0.5811394033272207
0.5353051032271414
-0.2205455393766606
0.2590081167915326
-0.13344254587221285
-1.1570434955793227
-0.6471355497686949
0.28799470379190534
-0.4167539780180676
-0.4765106698174
-1.9875857038804043
0.3728204121680976
-0.7172778564183914
-0.989643702864615
0.3307304440680358
-0.8963365292611435
0.248250929670476
-0.894228971005545
-1.6754121265747388
-1.7755274232060119
1.344470788055773
-0.1873591757030993
0.4164662310947891
-1.3026100023732914
-0.31966340280930805
1.2603498936810225
1.3075833676119586
-1.835640057538723
0.7983946032915545
-0.4223308901914944
-0.28627478124796907
-0.5027136443754223
-0.6576840567358405
-1.5286483989772917
0.9487119486937546
-1.1236428089153723
1.0943257605315426
-0.14701189445217114
0.8140443928824374
0.5693684557492585
-0.8193332054576435
-0.5205033945713502
-0.14227162162905813
-0.2979834161282437
0.6448700481725241
0.445662351701984
0.06046908612923873
-1.3056654201044249
0.6047617743652957
-0.04455232449721983
-0.04455232449721983
-0.04455232449721983
0.8146454570158451
-1.3088189793989617
1.083430316727351
0.2916065291887691
-1.593096451936599
0.37067917695784197
-1.2271502107869225
0.14383231270959634
-2.1776414922984304
0.25728760377887344
0.9341314769311645
-1.2351588421778434
-0.21338952736502234
0.2090058334726075
0.0011320724277392533
-0.580424006414206
0.47279551492254973
-0.5762469445800736
-0.030217085583829975
0.9547373493862142
0.3829016372646436
0.7378537059067991
-0.19070401505637047
0.0024163694073477803
1.1331736912801385
0.6557862652507567
-0.24010413977713863
1.7784690176166733
2.6109331987576656
-1.6513116875368745
0.41949794375452726
0.13827979125758905
-2.0304460884660402
-1.7117750885174348
-1.399913889996209
0.17297757723810686
-1.6483483864335977
-0.12345093066749015
0.1385674264041571
-0.4478873365052495
1.1981605923677263
-0.02608024367723366
0.770947987508029
-1.4197328081395042
-1.149791524836817
-0.007925625655265868
-2.0471305418846977
-0.6386989863264891
-0.9566226718019497
-2.5618521411586124
0.03981615503278833
1.4359635359154044
0.05970208898505551
-0.8081308740202197
0.5691331155756323
0.07199434711808982
-1.265045862964339
-0.39284266313636945
-1.4735358474320686
0.5421636082564877
-0.45057543873491723
-0.6120320293533663
-0.5122358921151555
-0.9054344168891318
-0.8673913285512113
-0.2586722396169784
-2.13078507220434
1.0247078579142574
-0.9144877543216888
-2.092348434475328
-0.9995884111421808
1.2245669895306055
0.8013931514312024
0.1135135107226496
-1.3562122459288506
0.0930651220471033
1.960601653610432
0.4174531506363412
-0.7463243970682228
1.687930283106155
-1.159782125955187
-0.17754079872731357
-0.1457240295207234
-0.68138058368608
-0.07318005544431358
-0.05258648650106496
-0.0033090083042684737
-1.0464554557562626
0.03252766380860106
0.78746500286745
1.0297140524983854
0.08234330507216711
-0.012746245958221259
0.309969875678435
-0.6108087912798162
-0.8781950500787735
0.33182034335876426
0.1178734858748549
-0.40010929309262133
-0.9170047695669253
0.08269798424559666
0.08269798424559666
0.08269798424559666
0.8513676065934223
-1.0005708098603276
-1.0918155602799497
-0.26368458962894425
-1.3687721069750471
-0.6072459560202862
-2.003498509519423
-1.012416005589279
-2.723929184604312
0.6849556345428497
1.5728123128171179
-0.168157632896154
0.18659137504716702
-0.5284440126357797
2.8963773557248653
0.023058332264838576
-0.7007288853837068
-1.6586325448470696
-0.9225071891680395
-0.44395460835114786
1.0789692667438735
1.3767581105196958
-0.14181750911910618
1.1621995193498411
0.22557495845389713
0.14702023890234897
0.6012083071957991
0.769244770042319
2.802539008608661
-0.5709659266436551
0.2998479079502016
2.578434818301178
-1.9698815558333254
-2.325911499373918
-0.25354810128895616
-0.6959379326631664
-3.7391885452326874
0.19079920696193478
-0.7024182494285975
-0.9174774907798026
-0.2675848523286678
-1.3492861890305021
0.5960543303984615
-2.6033357871316403
-2.1531211509746084
-0.5757165500934275
-2.173097707368582
-1.373923191919826
-0.11421515389892894
-3.6217327545439115
0.8110167226993137
-0.34024470503472565
-0.26529311712118525
-0.11906769188450719
-0.8719243810525753
-1.028546537323213
-1.1521527687010582
-0.03788530653825636
-2.1725822869541047
-0.4614301489009111
-1.2237350904451378
-0.6792992491884685
0.10753154304948254
-0.3537131494098566
-1.7787619448142813
-0.3602941440275341
-1.0225548570863416
2.2607989609153902
-1.1907531975173926
0.15302839577451796
-0.5373515130551184
0.3344758492313516
0.4562024389782579
0.6988660040317255
-1.9669208659437842
0.036745224985479726
1.1360360155803857
-0.2985973956504884
0.22574825962308662
1.2837679247522487
0.26221195257729596
-1.104507831603507
0.2682258684803596
0.34534560108443646
0.3833921532672813
-0.01700853129918552
-0.06558836352544019
0.3930987372619593
-0.10249625026907823
-0.7173387185224855
0.7361793255489583
0.10594110503885594
-2.3415662264002077
0.479454539235233
0.7802030519497809
-1.6121409290082296
-0.4173904641860846
0.47225643771156317
0.7284746869550442
-3.042484107511384
0.0003853838065563644
0.0003193809591838933
0.0003193809591838933
0.0003193809591838933
0.0003193809591838933
0.0003193809591838933
0.0003193809591838933
0.02752014642373057
0.019987117449135474
0.009353879895030805
0.014381311342203173
0.007289269438875277
0.002354162041897233
0.004775745604716142
0.016365070918614815
0.005741149226207339
0.027267948004254874
0.026971359842563294
0.022273405425394053
0.009195559161701446
0.009789847795763702
0.025930711047224192
0.025702577134913952
0.025127707042451358
0.013336271782800573
0.018114250222060063
0.014919745258257696
0.03012686729280279
0.02836081263524425
0.00907801510752053
0.025102119401367883
0.02474189253012439
0.027056625206507114
0.02391067451888092
0.025028360333333704
0.025581008576525104
0.02823235442044317
0.009699624881121846
0.02072908847709493
0.014998217688243004
0.0030508708117083774
0.017625229271806726
0.029150576401640555
0.009481935213836527
0.03014780350609512
0.01064390533139363
0.016421782877015383
0.013640572394138378
0.01084894040339458
0.026011795445963135
0.0065396217227575715
0.0075491525348320284
0.03065741039649457
0.004851580435202643
0.007194446667966181
0.019831294391856345
0.007872950262005707
0.01356100771839182
0.014796561212371613
0.020191445200466687
0.01711403949330411
0.024199577875939078
0.01854164163346434
0.0034133578888497452
0.0114394243210819
0.0036316574123728042
0.02296116703694097
0.004280945133095991
0.006152637697076766
0.020545233291121182
0.014857198660794579
0.007934946720242551
0.020517201970101984
0.015635434755754105
0.028356867195021073
0.019162064292816798
0.01395932696520073
0.010753197305039958
0.01814691739358487
0.015496734604785862
0.021327421948552354
0.00511460043703812
0.025833724411641727
0.01543607058499522
0.02893857474769505
0.013596819246810827
0.022124328586761825
0.02292781444984996
0.0041081937586721256
0.028161495719690875
0.02620259219616253
0.01594963512769445
0.029296980241381356
0.017168518349335634
0.02532489607641983
0.007306024015406239
0.013355442921369014
0.030141652918431853
0.006105820019740779
0.012191592526836213
0.013121927071703666
0.025525303807098325
0.02174797535193459
0.013921567302957795
0.01564003166204231
0.008787063416905454
0.009032306182284199
0.02752014642373057
0.019987117449135474
0.009353879895030805
0.014381311342203173
0.007289269438875277
0.002354162041897233
0.004775745604716142
0.016365070918614815
0.005741149226207339
0.027267948004254874
0.026971359842563294
0.022273405425394053
0.009195559161701446
0.009789847795763702
0.025930711047224192
0.025702577134913952
0.025127707042451358
0.013336271782800573
0.018114250222060063
0.014919745258257696
0.03012686729280279
0.02836081263524425
0.00907801510752053
0.025102119401367883
0.02474189253012439
0.027056625206507114
0.02391067451888092
0.025028360333333704
0.025581008576525104
0.02823235442044317
0.009699624881121846
0.02072908847709493
0.014998217688243004
0.0030508708117083774
0.017625229271806726
0.029150576401640555
0.009481935213836527
0.03014780350609512
0.01064390533139363
0.016421782877015383
0.013640572394138378
0.01084894040339458
0.026011795445963135
0.0065396217227575715
0.0075491525348320284
0.03065741039649457
0.004851580435202643
0.007194446667966181
0.019831294391856345
0.007872950262005707
0.01356100771839182
0.014796561212371613
0.020191445200466687
0.01711403949330411
0.024199577875939078
0.01854164163346434
0.0034133578888497452
0.0114394243210819
0.0036316574123728042
0.02296116703694097
0.004280945133095991
0.006152637697076766
0.020545233291121182
0.014857198660794579
0.007934946720242551
0.020517201970101984
0.015635434755754105
0.028356867195021073
0.019162064292816798
0.01395932696520073
0.010753197305039958
0.01814691739358487
0.015496734604785862
0.021327421948552354
0.00511460043703812
0.025833724411641727
0.01543607058499522
0.02893857474769505
0.013596819246810827
0.022124328586761825
0.02292781444984996
0.0041081937586721256
0.028161495719690875
0.02620259219616253
0.01594963512769445
0.029296980241381356
0.017168518349335634
0.02532489607641983
0.007306024015406239
0.013355442921369014
0.030141652918431853
0.006105820019740779
0.012191592526836213
0.013121927071703666
0.025525303807098325
0.02174797535193459
0.013921567302957795
0.01564003166204231
0.008787063416905454
0.009032306182284199
-0.09030086310897992
-0.0037297601965608977
-0.013363657088134046
-0.012227643525697699
-0.014588645685958824
-0.012798304479326027
-0.018520870844872674
-0.02493107636954582
-0.02961466691841209
-0.023905879855474856
-0.026912067186994498
-0.03059230940437457
-0.01727565239242364
-0.045864926448811835
-0.12024491647925954
-0.34271018844015255
0.6361383403507435
