3
3
0
70
-0.18041241181936096
0.006963067294941969
0.006963067294941969
-0.877553190227302
-0.4289771872041628
-0.23151011157466606
-0.39828074114368
-0.004584949398948305
-0.004584949398948305
0.3390507291333248
-0.22569687322098486
-0.10888555793347643
-0.37646432883298375
0.0033624699061112666
0.0033624699061112666
-0.41668293260425315
-0.49738456554091415
0.798293792176574
-0.0856504828916885
-0.0007086720129131556
-0.0007086720129131556
-0.23675100690068535
0.5991399062912953
-0.8768063813298638
-1.2463356153253862
0.009532242165845785
0.009532242165845785
-0.4148903209097641
0.9945991712298023
0.5657477091724338
-0.004102361521012699
-0.004530298527985995
-0.004530298527985995
-0.21408970160102272
-0.09746072084706967
-0.9397131602379628
-0.010631506184328333
-0.0014770506278906784
-0.0014770506278906784
0.018062536579530237
0.47386281216360165
0.9731003768352089
-0.6411224820560371
0.01280971299042176
0.01280971299042176
-0.8718555632845411
-0.8506998748024738
0.8005125434377517
-1.1618136924939346
0.019689778782044805
0.019689778782044805
-0.7761997906091183
0.8988899151740224
-0.07772277729999995
-0.5191780213669527
-0.00852693118689121
-0.00852693118689121
0.40704412279081337
-0.01894496592409727
-0.759725142426936
-0.13929383490188732
0.0034923681692799824
0.0034923681692799824
0.0027684562177645944
0.6862029106304779
-0.14359434954325562
-0.6019518073667207
-0.0040947525669287835
-0.0040947525669287835
0.5540271768134853
0.2694426507123624
-0.16550034650594297
-0.5017834429283818
-0.006463982120052024
-0.006463982120052024
0.3330997610689251
-0.33693670696908007
-0.8015297514271801
-0.18005979712069278
-0.0003941495418894127
-0.0003941495418894127
-0.11476633401234228
0.4881505813143103
0.46416118256162264
-0.17460421353524505
-0.0017391639463083402
-0.0017391639463083402
-0.38584418936102016
-0.4920802364947501
0.33169228147513363
-0.0825906740127645
0.00508901318631666
0.00508901318631666
-0.4219531317997151
-0.26854115376096593
-0.5154193056287519
-0.10702334328559064
0.0019888391136301167
0.0019888391136301167
-0.33383964244883724
-0.6976869824638315
-0.5776681939656215
-0.2870401234716517
-0.002944404912658287
-0.002944404912658287
0.25122044392686427
0.6117217484343255
0.18656022553271462
-1.3127707096672203
0.009174446526691415
0.009174446526691415
-0.7024979775887253
0.5115469346408437
0.8965888596136136
-0.5059787468058928
0.013292106914197825
0.013292106914197825
-0.96238315500946
-0.7097882899351633
0.09331914824066281
0.15546870327169743
7.698466831839888e-05
7.698466831839888e-05
-0.1398688571145776
0.5554799254400596
-0.6833849270476168
-0.6927610299245657
-0.006869193256629368
-0.006869193256629368
0.6028986028745171
-0.9558133527970089
0.356364918497243
-0.2817588504182078
0.007714807832995413
0.007714807832995413
-0.7378822181110739
-0.3544836195013826
-0.8241902135343981
-0.8101786787675961
-0.008535587602989088
-0.008535587602989088
0.825652195173537
-0.6968378804958382
0.008882568048656362
-0.2313120149290002
-0.00012696151775158884
-0.00012696151775158884
-0.17929697198540423
-0.3285217280352394
0.3541771305788077
-0.13246916575437837
-0.0026956322696700605
-0.0026956322696700605
0.47415770252697725
0.03564775756394454
0.4991600447678975
-0.16713791854049612
-0.002117554728053658
-0.002117554728053658
-0.22598135095001678
-0.49162933206018666
0.7120825443786476
-0.22351386665208833
-0.003903892215768721
-0.003903892215768721
0.22041952102909793
-0.7137533373494424
-0.4464291057397876
-0.9203731354489612
-0.006258310760225327
-0.006258310760225327
0.8971412957189386
0.331080433633146
0.6458307698890592
-0.858335719067042
0.00821426243177697
0.00821426243177697
-0.37434040519185735
-0.08123230182919437
0.9462200626192515
-0.9329057603145183
0.015069705340596998
0.015069705340596998
-0.5624698969982794
-0.38070977225309244
0.9655617375066763
-0.29740288025677775
-0.002497206082788511
-0.002497206082788511
0.023066072388341657
0.9807654115292528
-0.8415928610205012
-0.8533659427732276
0.006616632992285539
0.006616632992285539
-1.0126116899649682
0.9213794578162304
-0.11047432366319113
-0.27284215344119245
-0.004241725434460867
-0.004241725434460867
-0.10257579681422516
-0.5231831510463265
-0.9117304433466819
-0.7628285473452627
-0.008505077223938286
-0.008505077223938286
0.5885767300196947
-0.5242170609408545
-0.8476352080054769
-0.581839667933972
0.008390681095894045
0.008390681095894045
-0.7649682768744201
-0.5848007855726537
0.23961742087646068
-0.3527504462928862
0.001617442661772045
0.001617442661772045
-0.07762814659654563
-0.03844795440583816
0.4797461298082129
-0.29334155646485727
-0.00590585172375664
-0.00590585172375664
-0.05196196431370906
-0.8174735526505398
-0.9387826627394297
-0.13089336107256114
-0.002693822330811612
-0.002693822330811612
-0.3668732838644713
-0.5994540953680771
-0.5988027876074329
-0.16876898442881388
0.004594978079299497
0.004594978079299497
-0.5024348343325522
0.029150999185757413
-0.7794407794078134
-0.16906461966150826
-0.003681383903452745
-0.003681383903452745
-0.3504816243331741
-0.41565059061107434
-0.5362961261617161
-0.1712483882047505
-3.9266815257499353e-05
-3.9266815257499353e-05
-0.7213835044095362
0.12819866923161016
-0.49780581530350987
-0.22324807409976535
0.004795570848453584
0.004795570848453584
0.014821951646616021
0.10739329223425195
0.6858999933911027
-0.26236161311757816
0.0033296117484695256
0.0033296117484695256
-0.1608506647004241
0.7465234400248352
-0.14575198112373386
-0.8277675040613943
0.019109922082557376
0.019109922082557376
-0.9974366056070797
0.6920988453935597
-0.656118907120423
-0.09346001734041894
-0.0007508763252044265
-0.0007508763252044265
-0.9495675866784998
0.25175551751166364
-0.9753033715226023
-0.5854597819418731
0.0062321857279901485
0.0062321857279901485
-0.309767682359268
0.49394405819409315
0.7026080299358411
-1.0900595941125615
-0.00888482374898783
-0.00888482374898783
0.8867639597114402
-0.6381879980136723
0.1965422463242284
-0.4434244985589342
-0.007881228062090302
-0.007881228062090302
0.3307677774225897
-0.4189055116560544
-0.22218124199548128
-0.4493947007804614
0.007823441849563906
0.007823441849563906
-0.4496255016506737
0.345237736497433
-0.16025251190554712
-0.3833077935263234
-0.00453214820270432
-0.00453214820270432
0.352731289149035
-0.04847874776093146
0.46145173726927974
-0.33408591719997255
0.00015494847714447445
0.00015494847714447445
-0.19632324026774103
0.054309600278619204
0.820873018992162
-0.8588432615683493
-0.008574461906300807
-0.008574461906300807
0.7084594784563724
-0.623973093087884
-0.06576112657023772
-1.4431078584405037
0.011759976831410671
0.011759976831410671
-0.13593811478667486
0.9487768809202676
0.7884083735477452
0.009005503492503512
-0.0037980516299229326
-0.0037980516299229326
-0.02915090161294418
0.7113149442443428
-0.3872656660933167
-0.32980588448690035
0.001139365050469255
0.001139365050469255
-0.7986134649436527
-0.1847530841702654
-0.4322333726070076
-0.28072540920310846
-0.0037541205009795856
-0.0037541205009795856
0.29987472713426216
0.5293058418775327
-0.6009282857204147
-0.6783034832800893
0.008686915907958089
0.008686915907958089
-0.9008114535919153
0.20804232726429253
-0.15701931702814817
-0.7249447396054733
-0.007838353749271172
-0.007838353749271172
0.6675363545782994
-0.37616572973894513
-0.6075202181796147
0.11820645808803597
-0.0035830732870537727
-0.0035830732870537727
-0.2893099395563943
-0.25358252035574347
-0.006680509085794193
0.03400852910263574
0.001795436448706204
0.001795436448706204
-0.4569241851752851
-0.8092016063471694
-0.5268678291527858
-0.46530605671328445
-0.0022609046166823833
-0.0022609046166823833
0.7765355428020665
-0.011502882434230916
0.6643964187558046
-0.7888417044093011
0.015224991630376647
0.015224991630376647
-0.6838463999556316
0.34514492955220133
-0.03545100120936257
-0.3951220671255875
0.008412970890465991
0.008412970890465991
-0.9364698126399876
0.0049068898147581995
-0.6409253008362742
-0.9230426644350299
-0.006017451192634389
-0.006017451192634389
0.604095754860957
0.8570474283821262
-0.7991004891082314
-0.34270796877902404
0.004850509592777779
0.004850509592777779
-0.17888816863380524
-0.28125536790469685
0.5598543693582507
-0.7569810804411014
-0.009624886844632786
-0.009624886844632786
0.577649436291199
-0.9631469183533731
-0.9520937529988414
-0.6726273165896742
-0.006392158493980534
-0.006392158493980534
0.7080640569184654
-0.6881011758457117
0.867965602949601
0.058467483704436385
0.001373692864870131
0.001373692864870131
-0.12375608272134206
0.5422132321053887
-0.8256340484295565
-0.3065397077287691
0.0019610892180077144
0.0019610892180077144
-0.3141694930583791
-0.7795935970323657
0.14667135884596302
-0.07139301529764751
-0.0011058458672231317
-0.0011058458672231317
-1.7065683862148406
2.69107187374978
-0.1786573576968265
0.9444336674547916
-8.21917518840393
3.0432638317031215
3.741471777376504
-4.742653929272895
-13.040699517290536
1.3604047487870297
-7.1872697213958645
1.7757156725200742
3.8293439724305998
0.630370515203802
3.4692650962997593
-1.3319627908567555
0.8464375400125
5.122300634546927
-2.6483902341579726
-4.605396536061598
-1.8253770003420005
1.6589631872645625
-1.462880085462887
-1.5354566967605254
2.1298382877116793
-1.925148290963226
4.1447434763496105
2.9481609433194387
0.6808196665147908
-3.029797940018201
-6.750049715293253
2.938968104430845
-1.3741877638332702
4.263802896144667
3.120189529243787
-0.6161099376532855
1.536854466546827
4.916699764812687
4.1179537934413855
-0.2045983750083181
5.0071969920858175
3.088766396415827
-5.527428266001891
-4.452041947546217
-8.444064726309895
3.4871813948845864
-6.7951302022850655
-0.6785386003990163
3.2109740063400722
-3.9993414204815245
2.7646098383579507
3.9497659340307965
1.9749128835377514
-6.978724751127917
3.328882505365401
3.1009763685943663
0.812518618295552
-1.9541173069017819
0.25597975238950715
3.2256522893306596
0.023667239174440795
-2.8734258464721054
-7.485104733419243
-0.6787463339274588
2.5105243605932013
-1.4752877214852032
3.7446482972248867
-0.5235492826240059
-2.776532769433705
3.013699534680176
-0.1800902675193492
-4.924536644905095e-05
-4.924536644905095e-05
-2.12475986073957
-0.1906905198945456
-0.28041418153492836
0.19304653556215973
1.6369314877117318
-1.3036678745490458
0.2694929429136917
-1.461365295582952
0.5273477478107137
-0.19582516088032642
1.4978875465624513
0.6014627374178892
-1.0187780723401765
0.8706847880138037
-0.5608758782113202
-1.0865965873321968
-0.7587636029991142
0.17996313969013442
0.5834987935429139
-0.7036214243443535
0.00010403939542705044
-0.693908744141055
-0.5673410504487677
-0.9947903923581245
0.03962748201343583
0.358670441833981
-0.7849321300870069
-2.236943711902411
0.02193963721421013
0.3661466690870071
-1.9515188066079692
0.5253061533048173
0.1989787812041299
-1.136419828864824
-0.7925871281266619
-1.1145965855467004
0.4053088802190628
-1.657403249846544
-1.850122580754372
-1.2537890232687336
-1.807791315127371
-1.3394368711657305
1.1832150563961106
1.0056632507213286
-1.1988610888891829
-1.6380017180507365
0.5379114584389052
0.5314179532324281
-1.550612112646653
-0.06464809523337677
0.4125192092470662
-0.3997426223648087
-1.2893845706590736
1.2201336699220418
0.001160349735657837
-1.0739791320402545
0.3614664681714418
-0.5155304405796564
0.03189618691419412
-1.5641265988233009
-1.114234135494221
1.2953457292715298
-1.2395669017373452
-2.044643566804807
0.788882693611352
0.27603177739989637
-1.0628854728361155
-0.039920245464462586
0.5933664220438234
-1.7361169444295208
-0.1640360579560001
0.0034256752363373234
0.0034256752363373234
1.600087826629856
-0.7324698342863857
1.097007323314064
0.06045586796653432
0.5322778470047463
-0.5239010701666529
0.3931775237220281
2.410557249531753
1.886785344437192
-2.353573836884171
-0.8622250343359573
-0.9021683346232272
-0.8271364967095635
0.04718613695960859
0.5176212688832373
1.2097426119472496
0.8889946166600398
0.37922253366231756
2.0596846230875787
2.5422481072600034
-0.5581440655167348
-1.7355427219840112
1.8712249893169906
-3.3005456459447826
0.6439730196098132
-1.8569607793784368
0.545608981699991
-0.35333386882957696
-2.3197580166899567
1.7692668551099346
2.5682945652838205
0.045866678226179
1.645133499721134
0.042186329930691976
-1.6309571218608605
2.3716020610268305
1.1025518852757803
-0.2453027208294257
0.4549110459411002
1.3861906758929654
0.41617265845281587
0.9658087858153132
0.2521754364921371
-0.1382234985191339
3.065669328011463
0.8671144463817769
0.15735714661097122
-3.067907737386023
-1.6141058153930024
1.3157048450443547
-0.8910909929308586
1.331453942966624
-2.1357919154424874
1.7044442585585389
-0.4954301521569483
1.3401924831555585
-1.124602143516286
2.0495976294038063
-2.417213817082036
-0.29836997645968577
0.5600784107678778
-1.9044926812701917
2.3463335558869973
2.3296606834025617
-1.2038422242474254
1.2601760223336316
-1.7155155926717982
-2.5281794048558655
-0.37973821220298004
1.5790820190648118
2.3893402454566748e-06
2.33624834348808e-06
2.3548916541424423e-06
0.0005227228157386767
0.0008078250684339022
0.0007805824420901716
0.0008152719084037313
0.0006926584009615593
0.0006680504568140153
0.001376118256533841
0.0004755841050623732
0.0004745814519261732
0.0006578206045037685
0.0010758742679667357
0.0008831761694894822
0.0005637235409013902
0.0011368478159296419
0.0007665990937961267
0.0006399488104251472
0.0005401444181873935
0.0011439006955274288
0.0005605620639048439
0.0003980674253947384
0.0010014147811265343
0.0006740634129962448
0.0004123681663713014
0.0006557196223742306
0.0008426959169716477
0.0012098259687847467
0.0009154557558457746
0.0006492173436410597
0.001059673101571933
0.0007083180152403043
0.0005620261007491749
0.0008946140493151929
0.0005441635088314843
0.0004944493305496855
0.00047037759777044996
0.000461206056562057
0.0009218355785042303
0.00043529834422254704
0.0005418064929523777
0.0005916735935740213
0.0005848721513178125
0.0006292841913079602
0.0011064712397527343
0.0009848901171130868
0.000399825766628422
0.0005291877526244823
0.0009447541650832656
0.0006080541431375928
0.000707214068032027
0.0007045611358779575
0.00102154274190371
0.0010175697073836437
0.0006059757012726345
0.0007172853799701965
0.0010845154899663625
0.0004936033999204041
0.0009235370184198175
0.00047619797073265076
0.0005841366017753035
0.0009086340158581573
0.0005559346001062609
0.0011618469069846406
0.0005310105049501475
0.0004363891926796438
0.0007300355989954728
0.000853809564430561
0.0003723368182716061
0.0009145050494381284
0.0009143516915062452
0.0006075356812013362
0.0005227228157386767
0.0008078250684339022
0.0007805824420901716
0.0008152719084037313
0.0006926584009615593
0.0006680504568140153
0.001376118256533841
0.0004755841050623732
0.0004745814519261732
0.0006578206045037685
0.0010758742679667357
0.0008831761694894822
0.0005637235409013902
0.0011368478159296419
0.0007665990937961267
0.0006399488104251472
0.0005401444181873935
0.0011439006955274288
0.0005605620639048439
0.0003980674253947384
0.0010014147811265343
0.0006740634129962448
0.0004123681663713014
0.0006557196223742306
0.0008426959169716477
0.0012098259687847467
0.0009154557558457746
0.0006492173436410597
0.001059673101571933
0.0007083180152403043
0.0005620261007491749
0.0008946140493151929
0.0005441635088314843
0.0004944493305496855
0.00047037759777044996
0.000461206056562057
0.0009218355785042303
0.00043529834422254704
0.0005418064929523777
0.0005916735935740213
0.0005848721513178125
0.0006292841913079602
0.0011064712397527343
0.0009848901171130868
0.000399825766628422
0.0005291877526244823
0.0009447541650832656
0.0006080541431375928
0.000707214068032027
0.0007045611358779575
0.00102154274190371
0.0010175697073836437
0.0006059757012726345
0.0007172853799701965
0.0010845154899663625
0.0004936033999204041
0.0009235370184198175
0.00047619797073265076
0.0005841366017753035
0.0009086340158581573
0.0005559346001062609
0.0011618469069846406
0.0005310105049501475
0.0004363891926796438
0.0007300355989954728
0.000853809564430561
0.0003723368182716061
0.0009145050494381284
0.0009143516915062452
0.0006075356812013362
-0.09215382226859431
-0.004103780537420912
0.2854729363614436
