7
2
0
80
-1.0815401436089093e-05
-1.0815401436089093e-05
-1.0815401436089093e-05
0.4023580029582323
-0.4874041518837384
-0.39722082392185576
-0.3272969281094169
0.30343731987991795
-0.7481778742531535
-0.2090493198502322
-1.1798444641137407e-05
-1.1798444641137407e-05
-1.1798444641137407e-05
-0.37193103464252014
0.7221558799540249
0.13166362615482563
0.39442008209235707
-0.3204002078320959
0.5930480626201963
0.928656090787523
-0.0002532259527234148
-0.0002532259527234148
-0.0002532259527234148
-0.5954541632682683
0.04762641233547694
-0.43132358747755006
0.19873858467498856
-0.7459081704857473
0.15856206483002688
-0.17625923660640444
-0.00015934446739710882
-0.00015934446739710882
-0.00015934446739710882
-0.7534641888249038
0.039390901801394845
-0.7056677312396376
-0.9386892063420362
-0.006182483979856782
0.17563359079183322
-0.6463592956947839
-7.436506269831037e-05
-7.436506269831037e-05
-7.436506269831037e-05
0.6044820157828812
-0.532341486851426
-0.26487444879450306
-0.39482238159732846
0.504935841582795
0.96370543749317
-0.5158714742624219
3.054223463495272e-06
3.054223463495272e-06
3.054223463495272e-06
0.6091939489312199
-0.3778851382902555
-0.5924248961680633
-0.7393145899664207
0.652224796813791
-0.650017601637953
-0.34828305668862825
-2.5897671127990035e-06
-2.5897671127990035e-06
-2.5897671127990035e-06
-0.014114955640702516
-0.300129662406779
-0.23338162771196608
0.24196049952194407
-0.760383735751646
0.0691786360244701
0.4635070184056093
-8.167393221991154e-05
-8.167393221991154e-05
-8.167393221991154e-05
0.3420245595944914
-0.4213537056316533
0.0606459318936477
-0.19294571265603644
0.4617032077559694
0.4222484938616062
-0.3810357566631
-0.00012836073938359634
-0.00012836073938359634
-0.00012836073938359634
-0.5926234923058886
-0.2966957296790505
0.14521829211956347
0.05011450953336614
0.4335426688984388
0.6556387071090156
0.3145084560799202
-0.00015590499380792279
-0.00015590499380792279
-0.00015590499380792279
0.11487612864309973
0.12146834859299188
-0.6063181407508377
-0.38079515304346895
-0.0029263868024339834
-0.4872459931102078
-0.94261327964688
2.4258817238409436e-05
2.4258817238409436e-05
2.4258817238409436e-05
-0.9716614709857158
0.3029769707581722
-0.564866501541197
-0.1634665283003946
-0.19966501265164974
-0.031021441828101414
0.7428824600283214
-1.0657769337349306e-05
-1.0657769337349306e-05
-1.0657769337349306e-05
0.8845755309918953
0.3612154757249215
0.10196512308652993
0.770226089315422
0.3874581033327709
0.041922934696484025
0.38177966906213523
2.7935425181648596e-05
2.7935425181648596e-05
2.7935425181648596e-05
-0.7558546843474303
-0.9128291843368705
-0.8015503768650195
-0.0511692830186217
-0.5439385466992183
0.6596836819263119
-0.2801706997112959
-0.0001230433343096042
-0.0001230433343096042
-0.0001230433343096042
-0.8292692759683685
0.3352923926314015
0.47325853433139853
0.42404446866294765
-0.42758052867901586
0.13319214622761597
-0.015077605289488599
-9.459475622216605e-06
-9.459475622216605e-06
-9.459475622216605e-06
0.7000403698250731
0.8764208663769111
0.5404753965100972
0.38878423439060766
0.6566573455727887
0.7670640199651423
-0.25996400652703605
0.00038262371991669387
0.00038262371991669387
0.00038262371991669387
0.7932917683284268
-0.093731678730401
-0.8971171427898641
0.21118564980723936
-0.8402842861074485
-0.8553758185790504
0.35474203141392563
1.847295596622609e-06
1.847295596622609e-06
1.847295596622609e-06
0.9166380582076871
-0.21870415132376114
0.17491229129485786
0.772150865398187
-0.9271400373394878
0.1752399144297366
-0.21442875934317732
5.702003844723132e-05
5.702003844723132e-05
5.702003844723132e-05
0.9702258017193534
-0.40352038332299955
0.5018692157527027
-0.2785388504508535
-0.6899126844830487
0.05055451500373894
-0.05563404511730414
-0.00016323013511670124
-0.00016323013511670124
-0.00016323013511670124
-0.828980959401988
0.5370294071408922
0.2308123833553444
0.09900564199211433
-0.798291857443881
-0.3431182769750112
-0.5361814635783173
-0.0002094572130972976
-0.0002094572130972976
-0.0002094572130972976
-0.5687424949333472
-0.09693066005421028
-0.37498611419569455
0.6946903493213562
-0.6915224597823659
-0.3435360923771635
-0.3816852022445363
-8.98785093419559e-05
-8.98785093419559e-05
-8.98785093419559e-05
-0.7137820617186544
-0.9975106758549899
-0.8033713928511207
0.5912702953546913
-0.1419192632124626
0.27481831983286836
0.2914998009005994
-2.7918264940367343e-05
-2.7918264940367343e-05
-2.7918264940367343e-05
-0.2930081977780246
0.14111955390066344
-0.2985231463534328
-0.8347302936156457
0.9066667332556045
-0.23495856997461703
0.35039241069638405
-0.00019723069964578473
-0.00019723069964578473
-0.00019723069964578473
-0.7571843890889642
0.6407234296495151
-0.05692229396598306
-0.4679342711868055
0.16431093893560206
0.4688895554735181
0.006119979133205217
-6.644052388044446e-07
-6.644052388044446e-07
-6.644052388044446e-07
0.9238646137588126
-0.36447927204276526
0.9840832353881752
0.2566039847371751
0.9288271255590974
0.058055576923233786
0.6688701481686071
-0.0003690554742374783
-0.0003690554742374783
-0.0003690554742374783
-0.5900918481370655
-0.5033217050725362
-0.05053616988232696
-0.46377318326312417
-0.7936063750854964
0.764869546273782
0.6853001186468588
-0.00027324628225639105
-0.00027324628225639105
-0.00027324628225639105
-0.5471716829234319
-0.748699115663824
0.6658619526726867
-0.7030312325516981
0.3564125193324797
0.09187646520412801
0.6068911003110653
-0.0004122276178862203
-0.0004122276178862203
-0.0004122276178862203
-0.6088464837348101
0.16953468256648477
0.5940622241476805
0.3584913275249532
-0.38468426869826644
-0.15598356723768367
-0.5767344538120407
0.0001590739973168281
0.0001590739973168281
0.0001590739973168281
0.8322246562682887
-0.6409054576769948
-0.31857673109008594
0.545174386307063
-0.6289991996857356
0.22102041837096778
0.2204558356452072
2.797494373972801e-05
2.797494373972801e-05
2.797494373972801e-05
0.7682257163540032
-0.028379652591832852
0.8233931374834494
-0.9867063603712001
0.9758882512458663
-0.30917425110178354
-0.3549229287921849
0.0001511948917962918
0.0001511948917962918
0.0001511948917962918
0.5705846503023317
-0.2832650689661443
-0.8145162365852733
-0.061471261607976314
-0.9210514572494144
-0.12329849285708232
0.6167247387212551
-0.00033486105386740575
-0.00033486105386740575
-0.00033486105386740575
-0.3581576884599569
-0.012659875142620724
0.7840961083289315
0.5246385247704491
-0.5194150267738578
0.5963606601908765
-0.642582139389506
-8.815881938497962e-05
-8.815881938497962e-05
-8.815881938497962e-05
0.5858252728535062
0.7129731643971647
-0.7109253322418441
0.037555246978999174
0.13168242838296074
0.6704950561109077
-0.907794314590619
-0.00014087726567905745
-0.00014087726567905745
-0.00014087726567905745
-0.6132829723748049
0.9824643109565295
-0.7588367898304967
0.9924162987952543
-0.5947213328773389
0.4565059211917617
-0.11927251463248792
-4.557703115404289e-05
-4.557703115404289e-05
-4.557703115404289e-05
-0.8864913956579015
-0.4118171241380767
0.8108506818677121
0.15487462150369866
-0.41645108812670667
-0.6565391379013656
0.8971105934722292
-1.5385219904514922e-05
-1.5385219904514922e-05
-1.5385219904514922e-05
0.7850806986754264
0.9679870884626256
0.7854250170330123
0.4396663503793836
0.4121288370208476
-0.35039333268622413
-0.8352066690763432
3.801605932456681e-05
3.801605932456681e-05
3.801605932456681e-05
0.38867166689748167
-0.9903681719151771
0.35308852651721384
0.27347149969595486
0.891894601599261
-0.7327297101201002
-0.31110420850032466
-7.082086844206663e-05
-7.082086844206663e-05
-7.082086844206663e-05
0.2691375210365442
-0.8332104312122738
-0.304120688921227
0.6907964484328207
-0.1952387394524623
-0.5617668554774783
-0.43852842570512485
2.7598837869926834e-05
2.7598837869926834e-05
2.7598837869926834e-05
-0.4259219742245654
-0.24667189740137166
-0.8560920506215047
-0.11105286158125122
0.28903654792197503
-0.007287307013717275
-0.6393610394922544
-0.00012424806937151952
-0.00012424806937151952
-0.00012424806937151952
-0.9549898896195723
-0.32681770714441416
0.9471634443047157
-0.33695069773571645
-0.27242229739207285
0.2264158982696272
0.9787301353773912
0.0002109765279631377
0.0002109765279631377
0.0002109765279631377
0.9824828633530841
-0.7367062081241105
-0.10309281014368145
-0.5251252991587089
-0.10833080302531896
0.2227004650216677
0.1685382779255432
-0.00012852416304322213
-0.00012852416304322213
-0.00012852416304322213
-0.8511768097326837
0.13770334897461828
-0.6725313238211545
-0.0382346305133614
-0.3890262688840425
0.024517008625387613
0.7470739800727362
8.963255509840395e-05
8.963255509840395e-05
8.963255509840395e-05
-0.6155074646388345
-0.42997681787876946
0.46388548680470665
-0.024283659754209888
-0.4556250331842756
-0.884881810653129
0.6756120853363443
5.9201654436746403e-05
5.9201654436746403e-05
5.9201654436746403e-05
0.703764179519133
0.402878799933258
-0.2950157478045391
-0.14262748476477338
0.0446096816736253
0.6108608685690696
-0.7083941961241866
7.819352248222158e-05
7.819352248222158e-05
7.819352248222158e-05
-0.562548733094045
-0.26593751557610523
-0.4932892190581774
-0.45050132270092935
-0.8093128130539582
-0.0846858172895156
0.042903873289092
-0.00023383365133710355
-0.00023383365133710355
-0.00023383365133710355
-0.6474277832240478
-0.9010006803921843
0.828371063296214
-0.5863151356239072
-0.6687351650568796
0.3557871950097309
-0.43002774865247756
-0.00012324960511035185
-0.00012324960511035185
-0.00012324960511035185
-0.8373062918749924
-0.1496356576995182
-0.3163986525638519
0.96479982628344
-0.4962634079030427
-0.2882465008539474
0.6488599208953182
2.7342056029590462e-05
2.7342056029590462e-05
2.7342056029590462e-05
0.5159250655436566
0.4062038026824607
-0.034155464890821545
-0.6810121503291228
0.9917604789609566
-0.653954892308907
-0.8224680912784509
0.00016280872153866884
0.00016280872153866884
0.00016280872153866884
0.10769596848364736
-0.34550669080739077
-0.474252443183712
-0.9118089746027322
-0.6447954741761323
-0.21030954997633028
0.6265429342400219
-0.00013654607787372925
-0.00013654607787372925
-0.00013654607787372925
-0.5746307622728187
0.9813186377654145
0.8843746966409934
-0.668860241254282
0.7576294016265617
-0.00992838430389153
-0.21957438621494568
4.1755667677581594e-05
4.1755667677581594e-05
4.1755667677581594e-05
0.32423756539037296
-0.6660775239592419
-0.4121586326310094
-0.03393873305009804
-0.8450078606708132
-0.12425104648219502
-0.6036754102313048
-4.151470607177419e-05
-4.151470607177419e-05
-4.151470607177419e-05
0.743226071387179
0.8298179136434141
0.6737901808818443
-0.8290610547996696
0.5142393904877185
-0.9337707452986639
-0.9585859278521026
0.00014834906368993875
0.00014834906368993875
0.00014834906368993875
0.5379755599703154
-0.9325571604026807
-0.19005468695110395
-0.6159877640610908
-0.2366858824708924
0.6638299418948952
0.17378535143650836
5.350781679941112e-06
5.350781679941112e-06
5.350781679941112e-06
0.8601282467555875
0.9811239524648739
0.06265060432392432
0.8257263113090824
-0.36550419572789056
0.9439371665673653
0.3131953906538917
-0.000122099345037744
-0.000122099345037744
-0.000122099345037744
-0.17413284353590647
-0.07758983750458896
-0.9048176884393672
0.13776933980200173
0.6265121942863795
0.8434042955552727
0.5986509870601409
1.2914927594236158e-05
1.2914927594236158e-05
1.2914927594236158e-05
0.2881572113923055
0.6652480500038241
-0.1330740836909414
-0.5931433942489449
-0.12709231995982417
-0.0018885257139641197
-0.3942840360185766
0.00017794192028483964
0.00017794192028483964
0.00017794192028483964
0.9934047066547079
-0.007337006782520544
-0.012972866993685
-0.18464264467494873
-0.9046447643787875
-0.05966637119270631
0.05558212536234775
2.731009001830734e-06
2.731009001830734e-06
2.731009001830734e-06
0.6995388694310513
0.7688806189450712
0.13227107956163942
-0.8256342650514311
0.7019006140651463
0.48862026769710015
-0.7407406269078106
-2.3479932639975587e-05
-2.3479932639975587e-05
-2.3479932639975587e-05
-0.5625213527954752
0.3706497703279864
-0.25750228357355787
-0.015673160237245343
0.021556243216707772
-0.21268335030284333
-0.7306679593388973
-1.6398822273201126e-05
-1.6398822273201126e-05
-1.6398822273201126e-05
-0.07255376968924086
-0.3718288605154877
0.33084052850208595
0.1980673741495147
0.08737260588508883
0.692761551535277
0.0003547304457333071
-5.430096975825132e-05
-5.430096975825132e-05
-5.430096975825132e-05
0.16731248070463917
0.19969597007103077
-0.40629821127348936
0.9402441525640354
0.9093517948841313
0.6822029193066843
-0.7768391063870782
0.00026786172095409676
0.00026786172095409676
0.00026786172095409676
0.1191994134793905
0.4891191634544372
-0.8809699009914632
0.6402137826726154
-0.5403344117741659
-0.36532222523712155
0.8333701642532795
-4.04730370660962e-05
-4.04730370660962e-05
-4.04730370660962e-05
0.9095423586912224
-0.0045207585417303894
-0.8546636520158001
0.34481409673606833
0.3514722669105283
0.8240827633559579
-0.6472370613617738
-0.00018492819195119106
-0.00018492819195119106
-0.00018492819195119106
-0.8676543033402958
-0.5503361185329578
-0.4763356005090138
-0.6024432602576234
0.3300826458952807
-0.8077255024550131
0.5443512339288821
0.00015198265624422514
0.00015198265624422514
0.00015198265624422514
0.4199186163331261
-0.9735026784594317
0.8486935696703287
0.623848313239637
-0.34084962963139775
-0.39448092576820515
0.7960752673806668
-0.0004635994904281488
-0.0004635994904281488
-0.0004635994904281488
-0.9384979748617852
-0.4060552455780724
0.15993302945503166
0.0033203215799462987
-0.3940268143848315
0.4713676021747812
-0.2901257238887175
0.00017777595314444892
0.00017777595314444892
0.00017777595314444892
0.9407580594414353
-0.12408089253163981
-0.337667762740435
0.1255356475220888
-0.9759872002863044
0.22341418812096012
0.9228261504649963
-0.00020718114429604448
-0.00020718114429604448
-0.00020718114429604448
-0.5189500141661896
-0.3316430434592269
-0.3271554384455759
0.07010820670328796
-0.31991939787292767
-0.3624505747225419
-0.7533827460516013
-1.4845071344279972e-05
-1.4845071344279972e-05
-1.4845071344279972e-05
-0.9869675703160927
-0.3393772401526742
0.06813816764023045
-0.8015490946333869
-0.5565534242011391
-0.09204841518090556
-0.827246765997987
-1.0877385241801324e-05
-1.0877385241801324e-05
-1.0877385241801324e-05
-0.2299860634408266
0.33376603218291795
0.7735608668169196
0.08136240512310382
0.4669614637620528
0.8615199807368875
-0.059087789184018184
-9.30792373807102e-05
-9.30792373807102e-05
-9.30792373807102e-05
-0.43397107081650815
0.6148701268613671
0.7398116739301749
-0.3159060844874403
-0.5956514612270024
0.5484790449438464
-0.30323721086975525
-7.719188201296558e-06
-7.719188201296558e-06
-7.719188201296558e-06
0.7054571372535272
-0.5544849577513188
-0.7397406267825692
-0.07062851150398008
-0.8212013110680954
-0.9878838943841237
-0.17575697546927538
2.8048035924116817e-05
2.8048035924116817e-05
2.8048035924116817e-05
0.9481925347379028
0.3614103976457977
0.6693083085551128
-0.38090065503123144
-0.24341923277797123
0.05921279036585473
0.7898574095553743
-0.00019378468958870907
-0.00019378468958870907
-0.00019378468958870907
-0.7099107563777901
-0.9665040165238892
0.062555507549873
-0.598999598506071
0.36544337043485847
0.30939984937368237
0.11119853305548771
1.5539525856765143e-05
1.5539525856765143e-05
1.5539525856765143e-05
0.5168427879144717
0.3969550761877514
0.3352353180702691
0.12320088714597657
0.4498153023851058
0.2359553267664713
0.09136018104915568
-0.00017610628227975159
-0.00017610628227975159
-0.00017610628227975159
-0.66269853128285
0.7530506056218557
-0.16063728164291372
-0.23824333449395468
0.27887606865237297
-0.7289846995715222
0.15271524075155216
-1.3479309430351637e-06
-1.3479309430351637e-06
-1.3479309430351637e-06
0.8084140684750836
0.8259624526609157
0.1688681167670788
0.22175561462073415
-0.481797010514186
0.0008623162702385133
0.3281341550486054
-4.414601434503089e-05
-4.414601434503089e-05
-4.414601434503089e-05
-0.7424911835113898
-0.9136724376379263
0.002424139291469473
-0.681077206904174
-0.30910171985059054
-0.6630168046241219
0.25687367102439407
-0.0003930637421752129
-0.0003930637421752129
-0.0003930637421752129
-0.23930162697783025
-0.9080702588021436
0.5372622784716121
-0.4555338986633448
0.3605967440586968
0.7059091217319992
-0.7047389849664758
1.0453080735399722e-05
1.0453080735399722e-05
1.0453080735399722e-05
0.6346237216815459
0.891821859908414
-0.38452323084345674
0.6955704843624528
0.192596702571296
0.2111327178926096
0.5333403471744159
3.50720363653952e-05
3.50720363653952e-05
3.50720363653952e-05
0.7939534501900336
0.5673620867039466
0.11569508682971938
-0.08749359716302821
-0.6857399159379383
0.2263194252770702
-0.19915873826741748
-4.4462946152653663e-05
-4.4462946152653663e-05
-4.4462946152653663e-05
1.2340169087846258
-0.18919183819767957
0.3802522028488899
-0.501966068540231
1.3306651696444023
-0.591213316106155
0.5925524130536294
0.41190411098449514
1.6051905633341719
0.10362415661911216
-0.6978893839363863
1.166375410844611
1.1397195864646998
1.3967104632121483
1.5028260946777523
-2.997217528203196
1.2605571697113012
-1.075764503700928
1.422168772714965
0.7194129155037674
0.4674687225659124
0.09392374132770413
1.5660995116087821
-0.29150652826051204
1.6523640871531537
0.793456046681648
1.6632874913571414
-1.410939656113827
0.9617530484429897
-2.439402619870499
-0.5483384550896503
-0.35690446737303616
0.6461756917511929
0.08277640382656609
1.0525128962611876
-1.2064420845810342
0.610602847411262
-0.5022277435165853
1.4672664367434793
-4.08319538036818
1.105707541373864
1.0785865297781223
-0.02893799554482583
0.4630650071964779
-0.3417155011216817
-0.1601096369036029
0.35340652516273185
-1.7240698508220027
0.5158532444788729
0.028639454677041334
-0.4955434104122402
-1.9134564218205043
-0.24624500765555948
1.528553352687844
0.020000718633092798
-0.9368657737999739
-0.6846250727559112
-0.3409712606315833
1.697526762547602
-0.2720205700609457
-5.4628482605658375
1.7529835665583253
-0.2525477289613684
-3.1838941595613695
2.165951743769865
-4.621708891648483
1.7443791909543749
-0.5458597930495442
1.3427654877199933
0.5655526201686355
1.1163197071746254
-0.9144806439706812
0.2089171987717107
-0.11838426728012993
1.196395753265831
0.5529147151392813
1.3717141663022863
-0.08235014558527877
-0.9395881667255785
0.5172827390087847
0.00019306673418991582
0.00019306673418991582
0.00019306673418991582
0.2211401670473012
-0.21856996185634323
-1.2426364733376754
-0.9418661356300374
-0.3971439343409149
-0.11747989552665036
0.12076795802822478
-0.5852559625134981
-0.47466898391154394
-0.8038762851531351
-0.03179153618742475
-0.8474932541016527
0.4073397855921971
-0.37439599859921835
-0.8526966373253861
1.9686079232994733
0.31892006889178814
0.36103178989482043
-0.5244181818215226
-0.9332181671023134
-0.36403604435035514
-0.15028584803836534
-0.7566066007034034
-0.16038446769111067
-1.5769377184160136
-1.3391896381072115
-1.8562640698043504
1.5293000147115388
0.6567392018443206
0.4360981335551538
-2.205775658130466
-1.1058816881602072
-0.7633386876823565
-0.22691254764693225
-0.48106480374035204
0.024888021864476122
-0.26431498893684735
0.028895595712282732
-0.35513129952498823
1.2014632739962872
-0.42785221485427405
0.7242953170247651
0.7382127914208898
0.5127069375572277
-1.2929317503955606
-0.7161007960488736
0.30637677844437844
0.4764839678750423
-0.9398708546464458
0.22733868088426631
-0.5470806709070971
0.5256693017018678
0.7691342746045233
-0.8555674355149392
0.09533555656395545
1.6702015175522948
-0.10814902405007877
-0.20276817692983684
0.2548514459618011
-1.0448799648924043
1.3201333162536069
-0.366802900881378
-1.0188584757382535
1.2734835671842808
-1.917285457676109
2.235474820989949
-0.6750650800329507
-0.20261194537918123
0.14525690805624336
-0.4290560576781512
0.21532444352620653
1.2157961263783081
-0.9655415445390365
0.4893556464485054
-0.7095855465255754
0.07568503054341758
0.08704630416173656
-2.155576729566937
0.5922211295518502
0.6364353995118668
6.276506768606684e-07
3.105344856248759e-07
2.2613590828192908e-07
3.0566793612607507e-07
3.0125359903795857e-07
2.1123246373663378e-07
3.0845247592465236e-07
1.879783583877709e-05
4.536599432741539e-05
6.392371762309047e-06
1.731183360707053e-06
3.7762122510674994e-05
2.1923837774028044e-05
2.1535306257606084e-05
3.449764425548335e-05
2.5801315824851703e-05
8.632545574304238e-06
8.987226725099612e-06
5.482665683788911e-05
1.9584276133732593e-06
1.621512011843557e-05
5.507508228992684e-05
2.8781064305006033e-05
4.5871785215776015e-05
4.04172501396394e-05
4.740821077653328e-06
6.134664348807798e-06
6.341030387509691e-06
2.2398349523481323e-05
1.6258936880865188e-05
5.5198646737943557e-05
8.233832178239915e-06
1.4605031755270674e-05
1.170311777511327e-05
4.2092392005330624e-05
4.5967459842748605e-05
2.6250223527733887e-05
2.2564339714601528e-05
4.177155587791342e-05
2.5011925910658432e-05
1.1248251810331038e-05
5.304240802382387e-05
3.32912122541073e-05
1.7187009681584246e-05
5.952067105844211e-06
1.4904194966158765e-05
3.958364229174775e-05
8.693854450519327e-06
8.88874374966927e-06
4.320347116940823e-05
2.9507877401473145e-06
2.595957228717389e-06
1.366850780939876e-05
3.4262458449869286e-05
1.0637180024749036e-05
3.226523502926503e-05
8.03929382062052e-06
3.986397135677948e-05
2.5610726602541386e-05
5.529995091427499e-05
3.869155290932741e-05
2.882954176614161e-05
4.0404234314799146e-05
4.7531968273364756e-05
8.169798147141206e-06
3.447325353873915e-05
4.7459843237478704e-05
3.850452188224606e-05
4.7947153987153825e-05
2.8779200069800327e-06
4.4005566422890616e-05
3.932201104956657e-06
4.7943318021668886e-05
3.0810207425711936e-06
6.842052682066512e-07
4.556282669063395e-05
2.0801917513245365e-05
1.1643967504979524e-05
5.333419529120629e-05
5.371039988481858e-06
5.16950681641664e-05
1.5126148488277577e-05
5.230982207324022e-05
1.6343423955053427e-06
1.180417807765449e-05
5.434136135429525e-05
4.5342141316436635e-05
1.879783583877709e-05
4.536599432741539e-05
6.392371762309047e-06
1.731183360707053e-06
3.7762122510674994e-05
2.1923837774028044e-05
2.1535306257606084e-05
3.449764425548335e-05
2.5801315824851703e-05
8.632545574304238e-06
8.987226725099612e-06
5.482665683788911e-05
1.9584276133732593e-06
1.621512011843557e-05
5.507508228992684e-05
2.8781064305006033e-05
4.5871785215776015e-05
4.04172501396394e-05
4.740821077653328e-06
6.134664348807798e-06
6.341030387509691e-06
2.2398349523481323e-05
1.6258936880865188e-05
5.5198646737943557e-05
8.233832178239915e-06
1.4605031755270674e-05
1.170311777511327e-05
4.2092392005330624e-05
4.5967459842748605e-05
2.6250223527733887e-05
2.2564339714601528e-05
4.177155587791342e-05
2.5011925910658432e-05
1.1248251810331038e-05
5.304240802382387e-05
3.32912122541073e-05
1.7187009681584246e-05
5.952067105844211e-06
1.4904194966158765e-05
3.958364229174775e-05
8.693854450519327e-06
8.88874374966927e-06
4.320347116940823e-05
2.9507877401473145e-06
2.595957228717389e-06
1.366850780939876e-05
3.4262458449869286e-05
1.0637180024749036e-05
3.226523502926503e-05
8.03929382062052e-06
3.986397135677948e-05
2.5610726602541386e-05
5.529995091427499e-05
3.869155290932741e-05
2.882954176614161e-05
4.0404234314799146e-05
4.7531968273364756e-05
8.169798147141206e-06
3.447325353873915e-05
4.7459843237478704e-05
3.850452188224606e-05
4.7947153987153825e-05
2.8779200069800327e-06
4.4005566422890616e-05
3.932201104956657e-06
4.7943318021668886e-05
3.0810207425711936e-06
6.842052682066512e-07
4.556282669063395e-05
2.0801917513245365e-05
1.1643967504979524e-05
5.333419529120629e-05
5.371039988481858e-06
5.16950681641664e-05
1.5126148488277577e-05
5.230982207324022e-05
1.6343423955053427e-06
1.180417807765449e-05
5.434136135429525e-05
4.5342141316436635e-05
-0.0018526227563605692
0.00804444725791316
