6
2
0
32
-0.2910302391562023
0.0013274821116191343
0.0013274821116191343
0.07935989192561704
0.37546405014664597
0.3608925158791648
-0.6312384853340064
0.6240308799493315
-0.7282271992013659
-0.714857326969085
0.0016863850262827116
0.0016863850262827116
-0.7862685279926077
1.101308207439423
0.11615210652638114
0.08479737547823143
0.04609918347471262
0.30479816745131727
-0.9533825380862594
-0.005215931931436388
-0.005215931931436388
-0.32315317492607254
-0.9072654442099
-0.27890935713709014
0.6063239152905301
0.7733338357898405
0.9625906367555517
0.5544135117036689
8.82917625003291e-05
8.82917625003291e-05
0.5741714718662974
-0.18013073785213132
0.42823428874628566
0.10534778910299748
-0.30141297069112755
0.44769089990768024
-0.5637732217172455
-0.003985943918189151
-0.003985943918189151
-0.05153071857488159
0.12017102175864208
0.7399596649658685
-0.4321545126545843
-0.4888008029714233
0.04318518119176317
-1.456633230769707
-0.006466061885572447
-0.006466061885572447
-0.8461172332990764
-0.12721157916103878
0.359665424858241
0.3714987603692358
-0.6995438607539373
-0.7483264729501418
-0.015274281507187022
-0.0024273588620970623
-0.0024273588620970623
-0.6194992012370272
-0.6132500549298684
-0.5516644120255271
-0.2781938912092266
-0.5009382387490339
-0.3539713200780154
-1.5286441689912125
-0.0053107366837857484
-0.0053107366837857484
0.6199427330321862
-0.950708831413545
0.7006414520967731
0.34303602746169987
-0.9128395050623017
-0.28933533815779866
-0.8066167136685413
-0.0009329706667201235
-0.0009329706667201235
-0.012336465573815377
-0.08562553682289763
-0.9634225287457119
0.17538708671474548
-0.8505485716072598
-0.990833794366713
-0.6694718667165731
-0.004325863328475421
-0.004325863328475421
-0.8774938917474474
-0.3389940967877084
0.8599737379567569
-0.8114888215097908
0.8699506211607183
0.8095530416677669
-1.042634390367
-0.005791867069899509
-0.005791867069899509
0.06551396462894811
-0.8803771320463102
-0.7060526519147403
0.8954519576753843
0.5032561837353203
0.09387101845292523
0.6756731524048214
-5.794489082362206e-05
-5.794489082362206e-05
0.7874223893699499
0.20195627587815526
0.42166202894287763
0.9742991828984011
0.24926552713688874
-0.3748538816341146
-2.8580850957894666
0.0010720844781325865
0.0010720844781325865
0.611600203983448
-0.3685964110838389
0.21834838984464153
0.1055436612454974
0.7497999993022022
-0.863721069315835
1.0563730924631731
-0.00017694410634826725
-0.00017694410634826725
0.2886179947872144
-0.8727314882529636
0.050862875435744484
-0.9609457344704679
0.5927555549720073
0.39378506759991677
-4.175119185830805
0.0067578767023390735
0.0067578767023390735
-0.0006646586089432409
1.1415701375359346
-0.3824799212434781
0.7246849318217716
0.7511009489814514
0.09322288700614058
-1.1069391291735675
-0.003358953714936454
-0.003358953714936454
-0.9383628538527539
0.6427661133567913
-0.49750651229940396
-0.6108680010277355
0.42873272571191196
-0.807416373500699
-0.30390691011052534
-0.0025332881840548745
-0.0025332881840548745
0.4816070692079198
-0.47473769689886525
-0.017169385222826142
-0.20941340404678263
-0.48954100680501356
0.21280626781673886
-5.734494634878676
0.004400212582933139
0.004400212582933139
1.0550559630455885
0.9993078580617734
0.08054497054974637
-0.7722793321120004
-0.11847104311806284
-0.37711579418807617
0.19423053754909606
-0.00512204953135169
-0.00512204953135169
-0.5962170776332709
-0.5153355584536814
-0.6773284398415309
-0.8656228817832421
0.13680321607711293
0.2826695052032959
-2.4621761867519036
0.003719996470182404
0.003719996470182404
0.41550647904706073
0.442391496070241
-0.7983345676348877
0.842776577865841
0.7037652578961087
0.2110704463280944
-0.5577186696305864
-0.0003197570687199661
-0.0003197570687199661
0.7301541114835843
0.7963336520278348
0.5944919642556182
-0.3393069149336134
-0.42842708414595015
0.12300107136739044
-1.1633021683456972
-0.0005195288236610877
-0.0005195288236610877
-0.5855795411871185
0.32296136443710166
-0.7791055950985947
0.3773964305584755
0.1935151956039325
-0.6516271817125875
0.8258017771521474
0.0003902144550828586
0.0003902144550828586
-0.45086476865213465
0.5890037806371796
-0.09355292420673701
-0.716743502305439
-0.045213005550638924
0.41659015954181927
-5.457891052298228
0.0017877357723754426
0.0017877357723754426
0.7634217243996511
0.2821787350539663
-0.2997421889410448
0.538453243263757
0.24886931166568432
-0.6163820743967194
-3.805034993102479
0.0120946699348911
0.0120946699348911
0.386838902728403
1.1149897751441027
0.9455925601007577
-0.7167140505026613
-0.6393835687623187
0.8664140249373521
-0.4749863721239059
-0.0065144074712132774
-0.0065144074712132774
-0.3921931314529994
-0.2183845983386315
-0.7464064978549922
0.22292139936560798
-0.6808419901364751
0.06894280982645637
2.1045738386802864
-0.0004094817200430553
-0.0004094817200430553
0.8451159443718776
-0.32786962898584715
-0.5672415206737822
-0.9316800002229066
-0.024212224663774543
-0.49621983180685
-1.1389974766503375
-0.004108159765999963
-0.004108159765999963
0.6005133237976659
-0.7638239158043019
0.6800245160690265
-0.7609099906141895
0.14792491198602778
-0.9100006980681709
-1.038462036518308
-0.005402767765449458
-0.005402767765449458
-0.8760402303036589
-0.17873603602028945
-0.2285567983735206
0.22707819678200059
0.5320014811238842
-0.34047418342277097
-1.8892435708329722
-0.0012260482827329694
-0.0012260482827329694
-0.9411466771689693
-0.2659821469092518
-0.373988817450596
0.5495255677099906
-0.649313962212617
-0.9887085729356346
-0.5427852175703817
0.0025391338590387636
0.0025391338590387636
1.096993967866264
-0.7665433975345148
-0.24868463582178366
0.1558820554709274
-0.020736289464364073
0.19532904235826293
-3.8976353961040906
0.014104559262203348
0.014104559262203348
1.074575401736937
0.7105872225731736
-0.28529591139622945
0.33006684869346503
0.06209506529922082
0.04251674908255581
-1.4884542234730336
-0.0002663676994165557
-0.0002663676994165557
-0.773250904139219
-1.185717433873936
-0.38212741796875305
-0.9232859481917532
-0.29218784401532755
0.7873255273011975
0.07110662200598221
-0.20223288812711773
0.3473554522680564
-0.36645079968740846
-0.15611123410112024
0.5949731382304978
1.2357201949422625
-0.6727118706217252
-3.6196903175319597
0.7021213447498277
-0.029989190912515385
14.056316170283894
0.010161792439430493
-4.098195214776226
18.932246737228425
0.46392870359759997
-0.8879181642572129
3.4416858015410985
-19.133218367005977
-0.0736397038634057
-1.0470144836204256
0.4288404633071448
0.3529099133416291
0.8645380442527502
-1.9417820460674404
-27.55812102476547
-0.44319045405518726
0.002763161043506976
0.002763161043506976
0.6022694628909399
0.7846704159254135
-2.0179706474200647
0.030901147511678797
-1.6896902354423686
-2.265343121388723
-0.8722828772122085
-1.9602470408506893
-0.30463620719463114
-1.681896539059103
-2.158657679950473
-0.26480421737224097
0.5105474874866824
-0.15418582517792107
2.214949304710024
-1.1514916692931914
-1.0311508626509363
2.9493139037695557
-1.8615680260552572
1.2750474035520984
1.3345839190217086
-0.14469879741452352
0.16895482371384735
0.979007812491288
2.907909397526976
-2.379880000964022
-0.4836122740835006
-1.462768718762088
-1.9298291676796724
-0.36032627547714735
1.0694144062330246
2.9761857189094165
1.3378218312902896e-05
1.3378218312902896e-05
6.689109156451448e-06
6.689109156451448e-06
6.689109156451448e-06
6.689109156451448e-06
0.0006511712051506092
0.000688549706461196
0.0001977461476264079
0.0010117039156730366
0.0003840573975972013
-4.4413643655228654e-05
8.086128888427946e-06
5.661986744684688e-05
3.7623021284061673e-05
0.00021344104659408846
0.00011053901251917952
0.0011422935200754347
0.00012190732722797263
0.0006326643760522375
0.00033102849441732417
2.7321442931566985e-05
0.0003609516488453717
9.19825903345616e-05
2.4355334440779107e-05
0.0005627260595760667
0.0010298212304080056
0.00010030289328736755
0.00079158849814085
4.561448276030015e-05
0.0004704169150505799
2.1284227754909043e-05
0.0009212396281031047
8.109358185337648e-05
1.7727238147376156e-05
-6.941941973724243e-06
0.0006413762145383304
0.0005232328701977238
0.0006511712051506092
0.000688549706461196
0.0001977461476264079
0.0010117039156730366
0.0003840573975972013
-4.4413643655228654e-05
8.086128888427946e-06
5.661986744684688e-05
3.7623021284061673e-05
0.00021344104659408846
0.00011053901251917952
0.0011422935200754347
0.00012190732722797263
0.0006326643760522375
0.00033102849441732417
2.7321442931566985e-05
0.0003609516488453717
9.19825903345616e-05
2.4355334440779107e-05
0.0005627260595760667
0.0010298212304080056
0.00010030289328736755
0.00079158849814085
4.561448276030015e-05
0.0004704169150505799
2.1284227754909043e-05
0.0009212396281031047
8.109358185337648e-05
1.7727238147376156e-05
-6.941941973724243e-06
0.0006413762145383304
0.0005232328701977238
-0.0076105056976158774
0.0789474583859136
