7
17
0
150
-9.219887599256628
-0.0065339316923566804
-0.0065339316923566804
0.732691434059514
-0.0067370578499973965
0.8769566192344486
-0.6454718501028679
0.8623768930992581
-0.21909173990437916
-0.2335314841855008
-5.7565242886927175
0.024075882590777555
0.024075882590777555
0.04599035448073208
-0.4229203438882951
-0.6066990462590823
-0.8265895380833626
-0.6407275513393361
0.12618932631102325
-0.23875015963302146
-6.380251401148741
0.007443215138602294
0.007443215138602294
0.01073174659707181
-0.07032503159055094
-0.7950973756888694
-0.9416186644809866
1.0294633317402742
0.1384905765451015
-0.4630820304887194
-4.71623984118817
-0.0065848457438619865
-0.0065848457438619865
-0.013635135188722291
0.7798948824138672
-0.6623239691670262
1.0267098132263186
0.9608671078392883
0.743287738985748
1.040905832606677
-8.726159762937685
-0.010548651795170273
-0.010548651795170273
0.7742665522852563
0.2553447910472046
0.18211925397048523
-0.5434567434332128
0.32733433550801394
0.127500211279905
-0.8013285965181657
-1.5132811797345445
0.03883824256113076
0.03883824256113076
-0.4830188017871349
-0.9675299602486338
-0.27449357701590427
0.47118547275212536
-0.6212861779550664
-0.029013537231809074
0.004950682135459965
-2.9404795290934946
0.07309399094322439
0.07309399094322439
-0.45801123294797313
-0.04787178300365843
-0.7520826184607189
-0.02463340470394332
0.28884216455685235
0.26429520813311713
0.9371540723205974
-4.250738833559928
0.039725711436894254
0.039725711436894254
0.8823596920164785
-0.3512349205440666
-0.8154575881960836
-0.25037152909265714
-0.2849834722666
0.5040404473551673
-0.0488333873492234
-7.2355291535444195
-0.009688741098395362
-0.009688741098395362
0.21374188775138672
0.912245467300922
-0.6166296439921679
-0.40021982546504464
0.313755806949402
-0.5000500028389038
-0.2928460192234469
-4.3467305843745985
0.04864926702341471
0.04864926702341471
1.0882743109045794
0.048461402560176496
-0.12475218550440745
0.9481721882311468
-0.50660737013932
0.6011339179405472
0.9813034170578478
-7.933356415868713
0.0027884063019549044
0.0027884063019549044
-0.2411980945505852
-0.6222146371757302
0.6273249485197125
-0.3756145827319494
-0.9325494332470237
0.9711523644740482
-0.23308527015488736
-4.658442869611545
0.08305558281120026
0.08305558281120026
1.0521883272040746
-0.8782525964094956
0.9326465345144845
0.10770614553471222
-0.13338362076147886
-0.42823427903881767
0.8502226809526918
-4.371942546555206
-0.020305981700416177
-0.020305981700416177
0.13080900870014955
0.2997691588578828
0.1610243216558747
0.9081435430353135
0.05566741647969046
1.1148668787487985
0.6939317326777636
-8.686418427034653
0.03502356166446449
0.03502356166446449
0.44937879682578785
-0.012187113613749802
-0.6236627600966161
-0.8914409386587667
-0.7754361876449177
0.9174633159519238
0.6812891170329144
-4.424369746814008
-0.16578941638448863
-0.16578941638448863
-0.3677903584134496
0.8654147567960491
0.3126472546969697
0.725201693820061
0.8612549484560129
0.47266443971163585
-0.5727557894219856
-4.113826192338211
0.09732106481015973
0.09732106481015973
0.6806484701326132
-0.5573094550664185
-0.4460749271142286
0.6299083148612925
0.7503452394844919
0.11479946287304119
0.9980616755157259
-2.3665104465090265
0.04019518306064686
0.04019518306064686
-0.1653021644541762
-0.21002025762334187
-0.630810846261423
0.8397534248634385
-0.6206100935361523
0.2826813490208239
0.5372613954255387
-2.3719938315670515
-0.0571877188671614
-0.0571877188671614
-0.9559705351025759
-0.5836368255806005
0.4189825358399409
-0.12369942872269825
-0.06928298019260591
0.9030763311262038
-0.7078272452986929
-3.5713874213698835
-0.02539190451742928
-0.02539190451742928
-0.10075954582658866
0.80688810925087
-0.6503377461350468
0.9772933200219335
-0.5411066196131707
1.0663064152052564
0.6392477244137418
-4.724539056534989
0.02355641267812742
0.02355641267812742
-0.7668634880988018
-0.6893807387576862
0.8311063593157042
-0.5079370551540937
-0.043690017019686264
0.16311267267482044
1.0448299491717075
-4.935835323045607
0.05076510792201189
0.05076510792201189
-0.24759111337470383
-0.4913461836687675
-0.34841611602574635
-0.902992194455002
0.8035909276443679
-0.4753386217066809
0.00015837351893340686
-7.247424292131324
-0.023551026794012817
-0.023551026794012817
0.9677185497002835
0.7282570245980657
0.26213204844188265
0.08837051665769594
1.0020089122061382
-0.890659762309748
0.1466989670659065
-4.417047514354625
0.022788954986636953
0.022788954986636953
0.22270019081441358
-0.033481333140274794
-0.619112082082433
-0.8485825830299254
0.06230211946802346
-0.5669205556484214
-0.767978649048776
-2.9385266229497966
0.0404245922518873
0.0404245922518873
0.026175000998104738
-0.21969023773602686
-0.49795557830945847
-0.3563262368873513
-0.6384707143944607
-0.7406958419370651
-0.5574629793173218
-7.907119460239598
-0.0449654826374084
-0.0449654826374084
0.7785392272699997
0.9552908667091656
0.5524555305719877
-0.1883925847535719
-0.08729178940955101
0.4262112975118983
-0.48281659280476963
-5.01642471979948
-0.004701570671529258
-0.004701570671529258
-0.8633032274867224
-0.09203478570768056
0.7733855921926984
-0.6848208319429071
-0.46974308889634264
0.24368003724375314
-0.48213887361698804
-6.364400277582024
0.03036859064808157
0.03036859064808157
0.9468779091339248
0.05216575394416757
0.8152135074182524
-0.033860713034001545
-0.380581502273133
-0.1367682065455819
0.5768362129274334
-3.632218342457805
-0.10116118635043464
-0.10116118635043464
0.588860465073366
0.958592366461338
-0.14126295265253652
0.9826422947679583
-0.781922844411749
0.17829747700775805
-0.13253844076105556
-2.6434685558184143
0.00043028204057188617
0.00043028204057188617
-0.443932656297201
0.4591127156795402
0.18174972691660102
-0.4392816519279941
-0.12531937150805975
-0.7698777507187012
-0.36289396803842594
-4.423934779382272
-0.018170199633395664
-0.018170199633395664
0.3437795370220612
0.19446310773947695
-0.6644521958367924
-0.13124003940267195
0.5099737802978435
-0.2734636302329245
-0.57920968395982
-1.9155493262613241
-0.09044774420451321
-0.09044774420451321
-0.5055336388407019
0.4970894937987749
0.35437169307253286
0.3381624257407182
-0.4538109629611809
-0.7492184229414768
0.07427866541368923
-3.3941790245513954
-0.034595871302944115
-0.034595871302944115
0.4242312607825568
0.4222941993309267
0.1337457064290329
0.5599035527477326
-0.3912237457310905
0.5765992380672161
0.19649745557938963
-3.032981061082137
-0.02853718512755265
-0.02853718512755265
0.07195365158264078
0.33556924683454314
-0.04000141234786788
0.4305680453190409
-0.12973017958562658
0.2085423854863616
0.3115951553866719
-4.628016426918357
0.06823451115197827
0.06823451115197827
0.8426125644222602
-1.0111856623967554
-0.25883020190397615
-0.4645329515573064
0.3411900392452366
-0.8508543482534039
-0.6289278166033789
-3.4927020202737675
-0.049143942922648357
-0.049143942922648357
0.41442339757423835
0.5622162927694061
-0.3170617263845337
0.8297835446133701
0.8164050517505199
-0.6504242577331698
0.38664015809696434
-2.2353420035169353
0.027377478962180977
0.027377478962180977
-0.18126110152487096
-0.4090591595234172
-0.8476522021544142
0.9813574147731846
-0.8122064528354745
0.6168624640865582
0.23044274158898603
-2.858942137092723
0.04803390410884856
0.04803390410884856
0.7319877082573831
0.34575021438994596
-0.8100974607357593
0.1704890713919355
-0.6890133807975086
-0.05750364340555771
0.22467523554478736
-3.8575845891429994
-0.10917451632656094
-0.10917451632656094
0.1636816604794028
-0.22414909693773707
0.5920830828406946
0.7617538177769763
0.5244121041818143
0.8052834570773069
-0.5125397688867089
-3.976449902662263
0.015027327489730964
0.015027327489730964
-0.22466298448407276
-0.5912968994503455
-0.8249826385950486
-0.45452227507005494
-0.1590709009300628
0.9351122883296833
-0.3069867310818463
-5.426957298227893
0.04529581636666903
0.04529581636666903
-0.35560195667498595
0.00037099863257436164
-0.08001410666435883
-0.4660993054741762
1.000704101259239
-0.8724950081183809
0.8343672472733106
-3.491677375589612
0.012077666887935462
0.012077666887935462
-0.768493203068937
-0.4854246776740564
-0.19687192365667155
-0.3041356306768297
-0.9652779629440728
-0.6190575026663909
-0.7067939820678971
-4.120098003218329
-0.037618907025250586
-0.037618907025250586
-0.34122594685559776
0.24786516680316414
0.7009290692000087
0.8329601650172022
0.6027964680628751
-0.12262556064658552
0.9820237171515573
-2.891557328294755
-0.0815907845639014
-0.0815907845639014
-0.9329142272140118
-0.23367805168680503
0.13661710955966236
-0.04077686194039738
0.7058467744540626
0.5759472578628619
-0.8198472140187995
-3.3614329258937055
0.024850832575118734
0.024850832575118734
-0.3193495670668856
0.19272858898307116
-0.6290058277921416
-0.3906152200275519
-0.39223683141424476
-0.007443981781872212
0.33674893215889706
5.150502321123362
1.2362230427356378e-05
1.2362230427356378e-05
0.681517284419122
0.2910060243788298
0.5785909498847784
0.08332955572184436
1.2093664269926314
-0.17088535389091314
1.9313834065733024
-4.383765407067073
0.058121816745158095
0.058121816745158095
0.49618811602418295
0.08236929217077134
0.2534747557351051
0.20180573369832908
0.4407416418182982
-0.26604635775237484
1.0745526557655884
-3.234437171110192
-0.049694830519227934
-0.049694830519227934
0.04724310268900134
-0.36376502670834354
-0.4787890109953376
0.9595802881874648
0.7462756361255467
0.9386215107369832
-0.5012796661204781
-1.9730472614238563
0.0193919151812147
0.0193919151812147
-0.6706526801016522
-0.6991848057144227
0.37470048448639015
-0.08078379953900565
-0.854798842236519
0.5858231003868752
0.22297922145932195
-1.340987078928259
0.02410327870986935
0.02410327870986935
-0.678691433982965
-0.894657279795336
-0.8635683974126044
0.22561293552359543
0.7032878915116015
-0.554527732205204
-0.3383765452334511
-4.55440246850411
-0.12420991361070922
-0.12420991361070922
-0.14219731019850385
0.7339473942921602
0.5011225412852154
0.720037564424321
0.2679744312130418
0.8509088180186916
-0.19341714127754916
-5.963050076466653
-0.024339075693105502
-0.024339075693105502
0.9664043690970461
0.958857214547418
0.5482735806991532
0.5994916688619039
0.059899707592918
0.4558483500256247
0.5176112068565798
-3.004689912309702
-0.04259784029668911
-0.04259784029668911
-0.768120706809243
0.8352498226533416
0.8653106552706052
0.1091611537287717
-0.5780022645720215
0.0045437384354174255
0.8870772372013822
-4.271036184745952
-0.09574035789742696
-0.09574035789742696
0.9420981912974424
0.8646011710956555
-0.3188256707678768
0.7687627288577876
0.3004973442153256
-0.8799809730467443
-0.38823167355898797
-7.138513593497889
0.00531128244398503
0.00531128244398503
0.5524383110661982
-0.6609418645063505
0.5189765118228771
-0.23814122076833563
0.9611250233779343
-0.8408267128327194
-0.5429863715320934
-6.655932560349907
0.017821627712137515
0.017821627712137515
0.14536961361103398
-0.9656885692129796
0.4081203983691783
-0.4914885374030337
-0.7266878804953395
0.3402448451253589
-0.1042533538755808
-4.232981665076342
-0.02904802787962468
-0.02904802787962468
-0.21076122221835403
0.08192938560995544
0.9102826052109994
-0.24304734998598376
-0.5795025618033888
0.07996234614209827
-0.6399060924255017
-4.691575469654067
-0.018608039967357395
-0.018608039967357395
-0.20615164204749964
0.20710059038755424
0.29114529590986316
-0.5095909055466015
0.40498633408825135
-0.9005841475875715
-0.4873634686353343
-4.223590433179791
0.03181256850469053
0.03181256850469053
0.9089615034347991
0.6443460603061002
-0.6080944526977996
0.18690955019413347
0.21941592292510065
-0.9010184008264989
0.5247118902628692
-4.547965144127513
-0.00014291837705266344
-0.00014291837705266344
0.31320472737397664
-0.5871071334319545
0.8295267619899244
0.6685542875824408
1.0309600399155636
-0.644440417483714
0.6215206549920419
-4.7833652363824575
-0.0037441014124250487
-0.0037441014124250487
0.9009658339917337
-0.057663054825379874
0.996862330224067
1.0040046380333791
-0.20121917124091226
-0.052830787830258324
0.9951441488593422
-8.131581070247428
0.015301460532402115
0.015301460532402115
0.580001050862155
0.33321810963767495
0.06939642560782826
-0.50600001045151
-0.006815914196002287
0.4553428451226155
0.2638201094263438
-1.7319400211703218
-0.05457623422089741
-0.05457623422089741
0.22670786823169783
0.10542760470146355
-0.5361188653309928
0.5911292077730256
1.025798985632067
-0.838007438628401
-0.2493292614297123
-8.701556901746041
-0.04694930524340901
-0.04694930524340901
0.628465538294456
0.33310616569096724
0.3605745167689764
-0.09339273583860042
0.7877877886680021
0.8153470327897302
-0.20464831399351724
-3.356372157312832
-0.009556324411012257
-0.009556324411012257
0.8871809464616893
-0.6858709945229753
0.6149890322941273
0.4791388863201353
-0.2322318109889145
0.12495628544826348
-0.1111017395281848
-4.354711074550979
-0.006139954950026077
-0.006139954950026077
-0.590896720011641
-0.6241682359390625
-0.14315876765971533
-0.39532086253127635
0.9646835969200761
0.41262505403189137
-0.19193356636889256
-6.602022947569905
0.02706835286135415
0.02706835286135415
0.4467585739093824
0.872554515191091
0.16667104504373081
-0.30408412880188035
0.09482373567554805
-0.5907461229582467
1.0380096857400651
-3.6669920962860214
0.04520834422661359
0.04520834422661359
1.0417549541049045
-0.8380833127840757
-0.9004374534942764
0.7706793988263114
0.6608269184674772
0.698407443716405
-0.03402290890258961
-9.71949459800375
0.01660528395613207
0.01660528395613207
0.49786223264059626
0.27807137477591504
0.8335644152906589
-0.1762394034778428
-0.9131015412733341
0.4876968139712795
0.6658495631803449
-3.7211776424518126
-0.03704108597677794
-0.03704108597677794
-0.5601456869493849
0.35379686777391844
0.6767334736633619
0.7665010870298397
0.013173709767882045
0.12250623117597231
1.138840254336716
-2.6458673891222437
0.0056308290453285165
0.0056308290453285165
-0.7570503579007893
-0.6078873093579484
-0.530396518201362
0.5557933653700613
0.3756018321887119
0.8595471755873624
0.4358155753900683
-6.145733416523283
0.010400012677156303
0.010400012677156303
0.2667541087463595
-0.13645233353656316
0.6038039939401542
0.13973895724823085
0.7552908663922049
-0.1845911990622912
0.5453531919499915
-2.4656695784511666
0.07286727830870766
0.07286727830870766
0.5357957255455204
-0.5111522489433271
-0.5272395803757526
0.5866263659094837
-0.8055294633121064
-0.48657872852800854
0.4482126460933755
-4.330287599090839
-0.06750731893388545
-0.06750731893388545
-0.3378874618468795
0.861822406706393
-0.44983749879503565
0.19080989863456743
0.6510995310238056
0.32232113252008676
0.06288514142673086
-3.592690125349713
0.031753632646936175
0.031753632646936175
0.885586279041571
-0.43779633722470607
-0.3147112103935683
-0.4128172931835179
-0.12600686502773364
-0.8039764246560372
-0.8216176246683797
-8.235172969320486
0.013410149341828968
0.013410149341828968
0.6900704040118713
0.7463047144197257
0.14680769350432143
-0.7353555618014616
0.3156576286532231
-0.42477079862618167
-0.39102963060136786
-2.9296098803124404
-0.028615961463855966
-0.028615961463855966
0.726344347987713
0.09799736771295559
0.17991092114229984
0.744867089586064
-0.7151973747245607
0.1767699314055556
-0.016086132571820635
-2.7852378402346987
0.03472560080913558
0.03472560080913558
0.34468923419693176
-0.8944570472165304
0.05818851082457844
0.7698704665005178
0.12889598468962063
-0.4888981676858452
0.30662470044033185
-3.1649293163646535
-0.0061910723921736735
-0.0061910723921736735
-0.7605629365250286
0.37526415667288154
-0.6726911864800338
-0.802841402927291
-0.7803977564580261
-0.14131750146762687
-0.7158407327573856
-5.0921526241859345
-0.06874657988168895
-0.06874657988168895
-0.19465915639077538
0.2164961341971436
0.6386540666288537
0.40543373997721516
1.0232154739144037
0.7487672779722351
0.15371706879513505
-4.794190106134377
0.046234741111406935
0.046234741111406935
0.11156610100373018
-0.6017348840570822
-0.6120255709938174
-0.9821910653053382
0.6448163012137015
-0.45801065832002746
-0.4287773173227098
-9.444971567293068
0.019770438382493913
0.019770438382493913
0.3453762384881565
0.3892514848385044
0.10874629836588301
-0.3863475181146293
0.272171665448568
0.4466850947398816
1.055266824796462
-4.542891905542687
0.06288208591330549
0.06288208591330549
-0.11396286658948543
0.2175548054211163
0.44361980853324384
-0.37667849969265277
-0.3435555082468305
-0.7907399997066158
0.9110700375956841
-2.5196441317710003
0.10184825702302694
0.10184825702302694
0.9278085651827809
-1.0130422916449775
0.1422119825217496
0.09500243423579453
-0.8584549111458596
-0.8404229933310455
0.31206028018725496
-7.420802743199981
-0.038203480661877155
-0.038203480661877155
-0.27962738896169587
0.7169469414248968
0.45862308130465074
-0.20661360947093552
0.9258229376498629
0.1271710150140425
0.12681547610360502
-5.6264116832090245
0.05176458637150275
0.05176458637150275
0.8135514046753896
-0.9589866838957665
-0.443514511490248
-0.029465039996588678
-0.6586919813179865
0.7199656349037282
0.22962214689695679
-4.086515936477005
-0.04963003019027406
-0.04963003019027406
0.25488007921581546
0.1870871007078856
0.8590993565635143
0.8974774793229264
-0.2877884059308043
-0.29655596362373826
0.776047952696102
-2.2431914572318785
0.010164018745268191
0.010164018745268191
0.49144471914049154
-0.8688238540824038
0.887206968652003
0.4345309084026999
-0.9535342512953938
-0.5475109157047097
-0.2633437009690117
-4.199371493830311
0.0810905438807175
0.0810905438807175
-0.14793140474847408
-0.7366250947317418
-0.6681641037487881
-0.8087511203331379
0.9148637991374691
-0.8377748040998653
1.0228349608703853
-4.259158809170118
0.02365634064447997
0.02365634064447997
-0.8724573956646816
-0.1578070641820339
-0.5618126178612406
-0.7842350198339889
-0.6777313681461249
-0.9110748857138461
-0.8166254606263841
-3.812643872829543
-0.019731075516245016
-0.019731075516245016
-0.09283043961004961
0.5376938236768992
-0.05521406350739955
1.0776868528740686
-0.2903347212346416
0.41681878788408483
1.0197035584028573
-5.838500682607486
0.05053293335179218
0.05053293335179218
-0.5103272598380022
0.45539113441789764
-0.6317815117326564
-0.9682920844320001
0.9290158846342128
-0.8015884910874856
1.0091346522436653
-3.4034682853355678
-0.022634295780682198
-0.022634295780682198
-0.12403710126546687
0.6580371849752676
-0.8071136338579218
0.8343214986025148
0.49710505826402623
0.5224950785546002
0.3806241649455872
-1.2895266214372603
-0.10364270926366481
-0.10364270926366481
-0.11752437409262878
0.4336222720444155
-0.917352323839042
0.6919561460773015
0.5374337652678471
-0.07327297942038265
-0.7551667141814404
6.843433876494494
5.539250716646716e-06
5.539250716646716e-06
0.14107990178261323
-0.8703535730794943
0.8220235557631399
1.0144748202741058
0.20701277115904557
0.7490988800944308
1.9251886526170034
-8.802279177297695
-0.006334879683826438
-0.006334879683826438
0.44681752123942164
0.20302110159393996
-0.02732370295270352
-0.664806170765963
0.3228999419850286
0.9794693487976321
-0.012484337791650849
-5.6215216293668355
0.027269326171122387
0.027269326171122387
0.15921566251576552
-0.6069881019430231
-0.43961778064277834
-0.7770329994195041
-0.7472766240022274
-0.5801567641504414
-0.09236272912678514
-4.499960604924028
0.0062660677533843984
0.0062660677533843984
-0.4488158598195237
-0.04923048479800471
-0.9535801125519975
-0.258128014824162
-0.37596131924346243
-0.02869146377681598
-0.20944204282460577
-3.5035026604321877
0.09250801251838917
0.09250801251838917
0.8207461601674847
-0.8820007299458185
-0.0899256244346528
0.06294584130223012
-0.3546412442490757
-0.38730443698566946
0.5835651863016436
-4.602402712359461
0.013221960351016679
0.013221960351016679
-0.3307231708774238
0.5149629111094562
-0.373561399224608
-0.7524195339650227
-0.5819015675661919
-0.3826886314062558
-0.3162229598879968
-2.6580817114402753
-0.002470029386331795
-0.002470029386331795
-0.23102147797309003
-0.30987524951275547
0.5318822063360934
0.4472897880500608
-0.034565040070838965
-0.4583855266710807
0.6500614814725935
-4.5940398167138765
0.06285950628409583
0.06285950628409583
0.37014171216829483
-0.20402040313228678
-0.2541880657285424
-0.6986733049553981
-0.20340964803523043
-0.8476774737196474
-0.09538317839057266
-6.919048229433574
0.0348328641632762
0.0348328641632762
0.023675576014086677
-0.690055787770075
0.8282247240135777
0.27406383670441936
-0.793674952886961
0.04348658777627717
0.6595724982374509
-3.5535110739921105
-0.07442502002489038
-0.07442502002489038
0.72143891595669
-0.6586549305077903
0.019817442841766057
1.0419664458237197
1.0086832938427486
0.11652322589265156
-0.7154396320236911
-5.680199223080213
-0.0002448949410090808
-0.0002448949410090808
0.9593147131491069
-0.285767527088476
0.8591074192246456
0.9199708039824737
1.000443114583338
0.22626708392630154
0.7745640733144086
-0.8249626222086351
-0.027990464368544687
-0.027990464368544687
-0.26774215322824574
0.3395187739893635
-0.6606672815867426
0.18113846916958337
0.18128791780059392
-0.6316452674163328
-0.15425903440313754
-3.928997530652793
-0.09360341880779176
-0.09360341880779176
0.42594477513164203
0.029090379095930236
0.8199095139202093
0.9389480144105243
-0.2576712342889456
-0.13067454308547602
0.15546248974737356
-2.7457913235412192
-0.06923246761268229
-0.06923246761268229
-0.0012259074491726366
0.9226204257057352
-0.5772690458661028
0.5535494205091996
-0.8305910948440101
0.3224621379038141
0.08506502479329088
-0.6524764846749718
-0.11082162742678486
-0.11082162742678486
-0.8492117589393411
0.5025727158109371
0.0535081146624316
0.07389391828600779
-0.5352748323834308
-0.8408934778147547
-0.933134162399085
-2.4807942085597077
-0.08977247969169766
-0.08977247969169766
-0.03125415801321104
0.05625580170165613
0.73706170623829
0.31018860317719793
-0.6165459913972112
-0.39630764720429335
-0.5800556195322121
-7.022864049493421
0.03693112963964469
0.03693112963964469
0.11891135786721319
0.7565935267404897
-0.873589848529069
-0.4520944966835023
1.068265065837593
0.008656563279645488
0.7438655899124692
-5.3238006958533335
0.017305733675183274
0.017305733675183274
-0.33729861366853664
-0.29220178083710413
0.25731247964883397
-0.2572475296732682
-0.4888808369519134
0.2864801037423225
0.28286638098526345
-3.2659427944273425
-0.047732407107946205
-0.047732407107946205
-0.9385039855986118
0.4613363693781688
0.7704712775761368
-0.39788393598639743
-0.09066230945063493
-0.43608089006334
-0.5166714340476337
-4.620520501231137
0.042340750860361175
0.042340750860361175
0.5237607911279979
-0.41324885663965294
-0.8151917257212731
0.3077338412469332
-0.7872349013504522
-0.17837951032384386
0.5237398417009735
-6.702357018083019
0.026663294255582337
0.026663294255582337
0.9375653377890832
-0.9385495573675378
-0.0584576753177626
-0.9550907327724932
0.825015976266664
0.5120682638407172
-0.5975892382773099
-2.953045635337449
-0.07242664808379078
-0.07242664808379078
-0.5718934192165118
-0.46724782786428337
-0.10000360972014598
0.8719909657138848
0.4367484360209429
1.082317857852968
-0.36735910347782924
-4.344183461035419
-0.014558008689648828
-0.014558008689648828
-0.8810561364002877
0.6284951230452893
0.64871141944883
-0.6498179850650958
0.06482567378318478
-0.9170211634846059
-0.200680195338181
-2.009183198472642
-0.0361700664080686
-0.0361700664080686
-0.6516905333223824
0.3885652959279481
-0.12662285878932414
-0.01129787376909546
0.34736789530657414
-0.1415244383769814
0.0601191192708428
-3.944895258592022
-0.007981822888625109
-0.007981822888625109
0.5438616321200368
-0.7239371105897237
-0.057907846582227016
0.3680832070038462
0.6126924352495213
0.8575367317284773
-0.2182812900453335
-3.269903474354119
0.03081507105666679
0.03081507105666679
0.2192809786637117
-0.20934157740185877
-0.7506700598211709
0.06901913635559359
0.3193884826260109
0.39463065560658117
0.03196216188440686
-1.9320841667020727
0.04107268588100609
0.04107268588100609
-0.10808120067277766
-0.683169137916153
-0.7360020897320815
0.21387435118889042
-0.5203696965157021
0.8549312442691084
-0.04614004431288482
-1.7028048440016263
-0.04666628248122592
-0.04666628248122592
0.5375378362971613
-0.019392004985758705
-0.7897380744448573
0.9136560952653837
0.19089222023728744
-0.7566624381149614
-0.20129678037732854
-5.024076510556976
-0.07241582305928329
-0.07241582305928329
0.4420520654288823
0.5296774265112885
0.16892317224092213
0.46179717508015533
1.0641590317759744
-0.5932522020324599
0.0017483802547744003
-3.323355646483386
-0.02589193699150208
-0.02589193699150208
0.6334053723645509
-0.12436181725707646
-0.6761881806763084
0.8915713535617306
0.022285417871858098
1.0605822545902202
-0.25823919601599177
-6.142213271481288
-0.009065379372216173
-0.009065379372216173
0.48244001215000704
-0.25188119125984965
0.03166900262064129
-0.1485499397805347
0.7874812183162615
0.553628951834999
-0.49356144178122763
-5.2952251562530135
0.04777331656501137
0.04777331656501137
-0.1670193376019806
-0.8306260606899963
0.2746764589637116
-0.7679282859549669
0.9263190881235934
-0.5261708225704093
0.6845879967776056
-3.1270358260520354
0.026999127595765136
0.026999127595765136
-0.5501659820501115
-0.8625388713710579
-0.2695691201123977
-0.7268667857478435
0.6652597563014784
-0.0016335050434200683
0.4555002167468692
-7.230043442063636
-0.023970689720968528
-0.023970689720968528
0.0022496729848917913
-0.36702775099957113
0.7545340961758702
-0.5398680775183284
0.6615281051045538
0.9239196365340592
-0.19590211476637573
-4.630599583118699
-0.06319994021695123
-0.06319994021695123
1.0021805433894928
0.4420585670423644
-0.19172970585082633
0.41731800729670226
-0.04981707891965321
0.1671732950732835
-0.7351441506645102
-4.4659168517995615
0.017749394191960914
0.017749394191960914
-0.22099250417413824
-0.3101446993793566
-0.35681716056642887
-0.4199313967235404
0.9321125677602894
-0.488815307665678
-0.3512691535158343
-4.104386192406611
0.04718536432954622
0.04718536432954622
0.08933315606944556
-0.3411764588996231
0.8968104702098683
-0.12702306662338653
0.23033245288102638
-0.5851733342857423
0.8787601759507946
-5.466537730446472
0.014531355162465412
0.014531355162465412
-0.3140902170976346
-0.6324777048994815
-0.9074931228487206
-0.5621673079057292
-0.46615118408402784
0.386440895242817
-0.10608302420685098
-5.715712857613596
0.031002157971313095
0.031002157971313095
0.2319621562943842
0.128950826278617
0.7924051671975872
0.0003005019640012088
-0.9109978642000466
-0.399375040526675
0.8593611649525048
-3.521419555030179
0.024685591623156172
0.024685591623156172
0.17385251184528377
-0.9640486394216192
0.6373861589465616
0.06867145463439711
-0.9772712281069462
-0.860396606249728
-0.8761874021589602
-4.014240605194928
-0.06596659204792285
-0.06596659204792285
0.33257607679182233
0.10189701903875407
0.8955178102969799
0.6852481335972672
-0.01772791559615412
-0.11693544570675657
0.11756217166699763
-2.783360047276927
-0.002181598113489197
-0.002181598113489197
-0.14580135917851023
-0.8370952475382473
-0.9042655229234938
-0.7896686472014731
-0.08622191394265583
0.20480057215505518
-0.9026383794852577
-3.551696492934013
0.0004092936441898095
0.0004092936441898095
-0.6322523798831229
-0.9286309864305817
0.7292693964646962
0.2304434635300187
-0.7093514438171761
0.7509021456309225
0.580923023179107
-5.52059835328941
-0.09072959720928646
-0.09072959720928646
0.6102921169525476
0.4589517990110532
0.9625537012288337
0.8937092458814901
1.0870283623855388
-0.4459513575602141
0.17990364105618759
-4.85033063654657
-0.03219513730390874
-0.03219513730390874
0.7576748585466985
-0.29678412555647027
0.03615294360685178
0.23521206897279168
0.6436725069424954
0.8839708401586311
-0.7031500720369438
-6.544751054120408
-0.00458316367014391
-0.00458316367014391
0.44327905607084256
-0.054024175660910716
-0.1744872769198226
-0.3668567836099889
0.42006556687130614
0.658404873033425
-0.3032513978598862
-3.5060139046111303
0.002660436814377539
0.002660436814377539
-0.13301847216548518
0.3165350674533985
-0.6426449677934332
0.5437756666561028
0.8800556025446293
0.5400653723102637
0.3050364571309554
5.486243097974539
3.2700095501445997e-06
3.2700095501445997e-06
1.393220280923576
-0.7670101022002674
0.6824816253894309
0.87573324537029
1.2067560470743848
1.3294153678895417
1.615730479221717
-0.6213554517494984
0.07338021596594246
0.07338021596594246
-0.8915308784129632
-0.18962250616944132
-0.9608847556956703
0.5714640331711736
-0.8666366306982937
-0.8552985923533466
0.8030446844748772
-3.8458626008774837
0.05022525409191324
0.05022525409191324
-0.278682915316512
-0.40671702296253515
-0.7868986424768698
-0.9294956643725375
-0.3235165488076312
0.1151406508424306
0.059655472422310014
-5.9024707049845135
0.019252545590692866
0.019252545590692866
0.7728235480491449
-0.171255094132796
-0.48914356447364715
-0.5242637493621689
-0.35264095529705813
0.09286151618369784
-0.6247049078847222
-3.323804836473314
-0.1495801036902704
-0.1495801036902704
-0.6352189412736687
0.3692580066860778
0.7977031060276593
0.9434512001021409
0.8177331154709998
-0.7373295935710972
0.09358616605473494
-2.6309487324205834
0.04543759396483675
0.04543759396483675
-0.47059148334133777
-0.9169470478339499
-0.6394890458694713
-0.7647039459098811
-0.07004370124651946
-0.3728033236089688
0.9142855200831962
4.80710325661692
6.3384683004594605e-06
6.3384683004594605e-06
1.2910065331388376
0.17397337491517154
0.363941139292163
0.6660552310323963
1.1748764720005902
0.14767005359775168
1.9060593655307714
-2.3673857834958647
0.006960210978929408
0.006960210978929408
-0.5728455394215527
-0.881103656069987
-0.35391198939587243
-0.19672434035276326
-0.12984633831458714
0.8805890485613457
-0.06542881245732714
-2.58847275691052
-0.021059505266541566
-0.021059505266541566
0.40574905821093654
-0.9187662544812265
-0.7336545370111743
0.9129764095642704
0.650703494777038
0.3671140287261297
-0.6503435775269532
-2.46043710229094
0.027963470231933102
0.027963470231933102
-0.3185945044041116
-0.591740558777848
0.599867705430131
0.9684094713517207
-0.7744051908330806
-0.05014217337110869
0.9120475183536435
-2.5877508945717485
-7.124969522810811e-05
-7.124969522810811e-05
-5.165404380825648
-1.1445068384882437
-0.5124796718631605
-4.845024584120798
-4.768225595728261
6.720020964859886
1.9208548985804488
0.33435384659103456
-4.729543374967425
-4.160921545723596
-3.6864911269897225
-1.576762642505562
-4.567002145402429
-3.0375117127033384
-6.1138210237331645
0.10717446781235793
2.9625776060774944
2.2994072019112557
-3.1935599631578047
-0.4382879675704162
1.670360063491875
-8.199250149028376
0.5724312202910712
0.6553236871840249
-7.366927926812043
-1.0645067210763084
-4.36067015885961
-6.298400410447337
-1.0627153012670412
-1.676397046618743
-2.835604234156481
-4.2381456909561
-3.3553019083980753
1.9754415805244596
-5.488767515037069
4.54115490677889
-0.8270099004421745
-3.902234868649925
1.6855400124052986
-0.3062280609553498
0.41064779375734944
-4.342109892011829
1.489367490864994
-0.0931525713939295
2.1603548473371768
-4.2443330998501265
0.30644338190316944
1.4958279999402486
6.81516704918766
-6.218383073283398
-7.258814623142627
-4.925982169052532
-6.5762024750598975
-1.7015941611185998
-1.6467894166495365
-2.767123000812471
-2.0636765294229034
-3.812651482070583
-2.672795820099502
-5.914329996615578
-4.172474752727165
-1.0086035013027779
-5.816993437937145
-1.0680596073729003
2.5104787376665367
-4.807411905045554
1.5067664731525383
-5.081089231594722
-3.831671363838044
3.596139968464794
-3.6969174607439905
2.86900340577365
-3.6044528663825184
0.34829572478062615
-5.7024168894674006
-2.79957278361079
2.2285637366318465
0.2979080455790166
-4.910864633012839
1.388107188349324
-5.744887355500066
-2.4882862795107914
2.2714499422541126
-4.657980105152655
-1.0653878142880917
-5.445813538760651
0.3563621358465663
3.453218512968969
-0.951103285803867
-4.388662859960894
-0.40353717341555395
-3.2374575893108917
-0.15501779511323877
2.4737728615284675
-4.227517532088081
-2.129629050356551
-1.01737630094467
1.8259793389833743
-1.11818465468775
-0.16145850155853558
-0.49320721009486845
-3.7343465216556053
-1.7161176754379444
-5.979359332784973
1.0512832506450909
-4.915764043738717
-3.6963098116932445
-0.0579051038380966
-2.5251338406311374
-3.8747050987115323
-1.3127467136356363
-1.8205144811416527
-1.1585825621846548
-1.466223764592831
1.0916595528627488
-3.1079416456536606
-0.5643760472389581
0.15475516036266357
1.534902796329777
4.133248822306444
-0.311354152500539
-6.72938010739662
-1.0608428843522886
-2.8405483801279483
0.6565918938459099
2.6077980280599324
-2.6781552803502526
-5.335404464219651
0.8986341220695978
-1.980994541291605
-1.2795915511502898
-3.354255330830751
-1.0888312190980007
-5.038442018393087
2.0252098775193534
-0.662009275138871
-8.465675716064442
-2.9647842798263584
-2.048001783947611
-1.9170723674559267
2.3387839570242606
5.9636071203292085
2.107456673559206
-1.202933949840049
-5.213629459174441
1.7364805059100108
0.9858671677286036
2.8164125514568594
3.897191147145823
-0.8375984435944553
4.026334098270389
-7.309031922661366e-05
-7.309031922661366e-05
2.602219747682073
0.9050435654460558
2.949778106867956
-2.8193441895244487
3.5458370343820316
-6.360580913761038
-1.4435188302561197
0.37597205749116297
5.401316892873837
-1.928933899461205
0.35370086713375637
-1.3356911179574922
-3.8416059182282
1.0717356950278694
-2.3036008327729918
-3.7632334790719293
-4.039039158781413
-3.8358801349050404
-1.3301858801579676
-0.6303074122340815
1.1495865805686796
3.7295322182351978
3.7476314022441897
1.1097060118100746
3.3591819891799553
0.5419245148407182
1.1124073844241023
0.48466782562235655
2.1658843052062027
2.4372847654926204
-0.9651871754461464
-0.539050243101159
-0.9008059930509678
0.8796333478659765
-1.3409343453984737
-5.412484070040563
3.374140313272921
-5.272168187497559
0.3954695159188596
0.8371864547458756
-0.35488760254913815
-5.191423437676053
-3.755831561334914
1.2834934872852644
0.9672420523352625
-0.32124700594143446
-6.662429345296005
-2.9056166981571314
-5.738865491394636
-2.4649504323540343
0.8999766290406063
-0.5345654620245673
2.5921512041730823
0.2310238676266026
-0.22479441153453364
0.5650092894227815
2.7615650189399754
4.239612534443499
-5.674423688949032
-3.855440774328847
2.063853635836468
-2.1995657210006403
1.0486401297936327
-2.7714648689786583
-1.9471337439976042
4.07892680216596
-3.7488099682174854
1.4788903315628936
-4.832664610123973
-6.5042897178614
-1.1281611101142262
-1.135655600197889
0.9514401486492366
2.1468848753766543
4.717389559905044
-1.1997731521965171
-5.773602530010058
0.6952682329786373
-3.1102641156847706
2.4855473161057224
2.757780275893267
1.8406311823838086
-1.0116242761669125
1.5213381788482654
-0.9800265142661851
-3.4102300293958807
-3.6351885493878595
0.4365508584026617
1.1421989279686005
-3.279086850390378
3.6361969028789587
-1.9043143943119165
-1.4972915291592888
1.9394009556460763
1.6677310344286038
0.7010431267738066
0.5865630126827236
-0.9299494466544184
2.8079652749699955
-4.655086621018249
3.0085028632905675
-2.360098277673438
-6.292560278956046
-4.3346109123975465
0.7063017308980738
-3.812101554141281
2.3568416046826224
0.18127575245110017
-1.3586766074363494
3.541121363257526
-0.37698909727338054
0.599159601757535
-0.403509273314857
1.3860272067770485
-7.3874877673084525
2.900139833991838
-0.9608990175198638
-2.9313552167307644
-0.7783971799192402
-3.421219989256791
-1.4616982951591266
0.3065183587999932
-2.986953896451128
0.14420033259840617
0.8048295004212938
-0.720506026823085
-0.06042023828419279
2.076645567802359
0.32139399861624013
-1.4108025307277112
-0.04753400517542212
0.7459953094194995
-0.3967528265293158
-3.0655443004066036
0.529782254618359
-3.0003388216854017
-2.119318476709727
-1.3319401068340115
1.7712379757873873
-2.9109419812982438
1.6704779847639777
-3.854215444299299
1.3186935156811868
1.0307662823012533
-6.27575743130266
-0.38006114425975435
1.1584264148193435
-2.577101544396784
-6.441151095740871
-6.054529125627883
3.21982495291502
-8.186429142953449e-05
-8.186429142953449e-05
-0.04908669783495732
0.9637236688660515
0.5610926673674922
-3.532635529382789
-0.22853421419431735
-0.42373582899591106
0.1819291810141711
-1.0522922852497485
0.8437900989211535
-5.953887507432691
0.8142928298379207
-1.7953789144283099
-3.9654751343683703
0.7949275601936009
-1.3184379059633609
-3.9832359617930844
-1.7965666946824985
2.238091937837005
-2.6034185806453185
2.3921325789229195
2.331577656270778
-2.02892057222045
1.2135259649773915
0.4486921722940789
-1.1094832737387073
1.1206094861949267
-1.449451608777979
-4.339081713739678
1.5821226798272594
0.048061156239632766
0.7729006993594243
-2.8680667613570723
-1.5234226637221226
-0.38147512827757984
-4.241386966920932
-2.362444244008319
-1.8559239896117021
-3.156169546986281
0.3439735177174736
2.3111594429877806
0.41850478769383676
-1.4736964398854902
1.8899068634476823
0.24888360690749098
0.4752044512708089
-1.9198461279590588
-3.930157232619684
1.2625485736494513
0.20244564879202814
-2.0617786001939287
-3.264902216389514
1.0352078949192156
-3.603464223546556
0.16082232297899846
1.0379233987496026
0.9181319362460204
1.6740096480766744
-1.8575300084973645
-3.046938371354845
-5.135559074408336
0.1519363972214336
-3.452724844840417
-1.662156328377528
-3.5790364639038152
1.152773021181957
-0.010724842686080626
-5.376470241107025
-0.344823263321504
-0.8575226128002161
-0.5314937308221458
-1.109347347128743
-2.653756923035823
-0.36855197523206834
0.014183030758972575
-0.3510944410607741
-3.2800696720314004
-3.5080983443145968
1.5851581796916523
-1.513756026649225
1.0482526321211365
-0.39272455816948637
0.7290939536760872
-1.8471269201157978
0.31257809435811706
-0.616314826671962
-3.288243630088632
-1.2497685126145266
1.4905967179870165
1.4203904920292074
-2.6559454364247954
2.0099234142391524
-2.6055912398319796
-1.659039588353289
0.7371700392334153
0.0011245852091956738
1.1535330313665157
0.4418622815271202
-1.7830332061619996
1.2976316652439581
-1.0928615945930689
0.5884272549525903
0.5838594476906895
-5.669819625553317
-4.695421268242619
0.9643879354339231
-3.670609092916743
-0.8366882275786643
3.0883568645339787
-0.44462069869998877
-0.04534505855177581
0.7220349143510164
2.641901568850395
0.17814354263938867
-0.22620321819417286
-1.6456005193630505
3.7616970709694675
1.805894471621618
-2.5632272316611293
-1.07607074685207
-0.8666183075301337
-4.730314699886875
-2.41503793358126
-5.0541585285938035
-0.40554059011902965
1.3275104367110637
0.6930939744935302
0.1378268284099058
-3.2892120282834627
1.8245391830458921
0.13618116550729248
0.8218839866273856
0.1735505290563578
0.4740014657508867
-2.8621302624694693
0.07200575475264162
0.9810475118208091
-3.96567601576743
-2.755930266284815
-0.4938089828783623
-2.3254283957599715
1.2906000926508474
0.4877440111079362
1.2359045049017248
-0.7113448144940419
-1.4035086293059609
-0.59616359345289
1.6505812242556868
0.5417669827479594
-4.365437778188376
-2.0087770148083255
0.4416272577211992
-0.0004938166535407179
-0.0004938166535407179
0.7284103581013067
0.38198574466804935
-1.1493992447838195
-3.7496858520745193
0.6233953780577295
-1.2934749102155751
-2.050635376209815
1.0050362190506057
-0.31875974500959037
-0.35146874765680197
0.46412400442347945
2.656526468630162
-3.13724971566196
-0.14885518584735893
-3.3880702787157824
1.027055276500247
-0.9484652228515336
-1.959168949591383
-3.514836075223217
-1.1719133548520828
-0.7873537258039663
1.0878086720193418
0.06750862163212018
0.7560666792107782
-0.029035634485269683
-0.6013609962534624
1.250079810906901
-1.73014047684579
-1.0779471909791685
1.1151555509433764
-2.4806030321685433
-1.3877866072027474
-1.0456226285385373
3.5049571587458996
-0.7059475817964258
-1.2237770286080465
1.209326120087491
-1.2703984834454323
-0.5654748727027885
-0.6499770836299759
-0.3789778024723569
-3.1526376586935725
-2.6234760205802696
-0.24729561774911485
0.5199602786812046
0.13039016660530217
-1.7405569700443728
-1.3672325244489039
-1.1495253980445692
-2.8998618919176207
-1.0610672396684606
-3.886247858595247
1.131581220827006
2.0806790104257344
0.53693239771365
-0.13925833618527458
0.1077411361243334
1.513700183334423
0.5191460788563891
-0.8683085832081964
-0.6146493886896623
-0.3562275949175872
-0.4395842843380164
1.8171732233375157
-1.6438604867152167
-0.507006601963665
2.1651201834175926
0.396935912908206
-3.8567330858133673
-3.085662132475714
0.3227466288531979
2.5147931814609095
-2.004018105131674
2.153814010708468
0.7364030876574841
0.07687688959489014
1.8479838318401662
-0.12031369233335537
-2.7382135045438103
-0.32273626642107034
-0.9984118124214777
-0.6344637154807641
3.267546138047323
-1.9992353464100374
1.1398303277735538
-1.6929702747256492
1.9940741932473847
-0.6899729370852838
-0.8892691851313641
-3.173608060855264
-2.1052790611237797
-2.681254823731113
-1.5110943635509215
-0.24139872868834938
0.5714853386125861
0.4681152238557744
0.560570918587031
2.235666015346574
-0.5273353216194098
-1.1507779237262599
0.5442761777002408
0.731669759489076
1.0991871187955558
0.33301341845580074
-0.7261838586160971
-0.5867087468966498
-1.5589117654377713
-2.1647430560629717
-0.4692234984129644
-1.1334781342133506
-0.6084871892079282
-2.027027405500942
0.5362029268486588
1.1042390814037542
-2.7963061747616984
-1.5998143478632498
-2.6793446978092197
0.726849217983595
0.013503724841494957
-0.8208379859989526
1.7145065578447398
0.13298679327271434
0.1541452479567944
0.4764933235129527
-0.32754786358464305
-1.303407352053698
-0.8250168273033411
1.3787166822625891
0.21102589626538518
0.19412872953346627
0.8311581567453513
0.3966074924765416
1.0096358274687254
-0.911376381668268
0.43114170436099114
-0.4346557973495616
-1.1375933419554942
1.1913687916436282
0.12246153298184981
-2.7191454346180786
1.0277769123900493
-1.999655677866491
-1.3053671026902836
1.2736260089671432
-3.927793095736048
-0.1466311227150769
0.9572719968465688
-1.3437503733611185
1.3183852135837872
-0.9020469639181399
3.463877404106568
-9.233740557778366e-06
-9.233740557778366e-06
-3.421409221827469
1.8266086532455934
1.3053491553223946
-4.48033366096208
-3.6343447513301035
5.944338997075582
4.095814292759897
-0.15123423359320068
-2.996593439243476
-8.960033530311785
1.2557726041657076
-3.2047382378378226
-5.945698167947658
0.10962376896253996
-5.109673695002843
-1.3264559109751115
0.5233731640133659
5.974526164291959
-5.824061157168274
2.764028698328546
4.432752403277174
-7.737452952414865
1.4411348515344606
1.7958101701739504
-5.0523086593335576
2.030240904016285
-3.911321128535534
-9.758968940181667
0.9187392153135645
-0.4519336587402078
-4.057994821081413
-6.689242130727867
-5.029895952981125
2.120272182140555
-7.506313048755139
1.3750298047236569
-3.2767764207109615
-4.8228328414298405
3.2767842889762067
3.1209482940855335
1.8290330122540623
-3.5321580272259894
4.954742902598386
2.84082405517037
1.4730126761759073
-4.274908351073964
-0.6664475770621457
3.6171004655390653
9.510172864899108
-6.178997144114135
-8.123294748900719
-3.048874852602948
-9.562397717906052
-0.9759136658314564
1.5162207801168759
-0.2799816405316332
0.3053278865782475
-5.82293203292188
-3.327812860160702
-8.395401975572936
-1.5390257166269354
-2.8321921715376157
-4.608894088277556
-3.717466710593296
5.001213700666117
-3.1657559390615133
-1.8625704656687603
-0.7299732242800984
-3.5181776142601655
5.560631379697176
-2.9651102842136248
-1.023719512473322
-1.9695024331133948
-0.22785473039350534
-3.7926400759518906
-5.632970114749732
-0.13347663881972183
2.046662762526903
-3.2543340358320862
2.8684869383363356
-2.2315064212913187
-0.9116565061023374
-0.5825283513744979
-2.6254604134339075
0.41325819225722643
-8.055444703571807
-0.8250658581913214
4.298230196046286
2.313572977905797
-7.114450469816865
2.0663449139546297
-3.9181709459639933
-1.0683041405903448
1.9945306001712069
-1.1884314800963367
0.8402137574353531
1.2559024456106829
-0.10987311154143654
1.665059834444084
-1.0117942448509638
0.14775455962201878
0.0466364973453705
-4.713603479852044
-7.094367609346753
2.560359718710705
-8.142935884596033
-6.192162056846685
1.2047367191979377
-4.406912980577155
-1.136752045227914
1.7109837670654855
1.5103084716466253
0.2498663630876646
-0.5040736059858045
2.5207596297029626
0.7454916886367492
2.6051284128535044
-0.5370166907680709
1.5548424717354457
3.4341344180767805
-5.592532958075538
-6.437178000608254
-4.559941670670295
-0.8624166479789638
2.0618150916854376
3.4959830721552327
-0.5405002978609755
-7.713752423880156
4.293445603420464
-0.8746122179703438
0.4193094243236379
-0.9917160409089697
1.3448264544649726
-7.164181015845317
2.7722158628490803
2.9952318523931174
-9.04114087304987
-3.591856861410331
-0.8003654769521626
-0.9891285854169289
2.0501682790246796
6.100414352084895
3.5526294195780137
-0.35714324848347956
-4.19510630293991
2.5850590154861623
0.17675115699246507
5.594489483912174
1.937873145141422
-0.10035327537522487
-4.218962280991358
-0.0035331437688000226
-0.0035331437688000226
-0.16211987265574895
-2.1540980038992474
-6.318216069276046
-2.832487353546105
-1.5134340185415063
-0.5473531460937487
-6.561051372644963
-2.885300507010207
-2.1845299235825406
2.2446868196321255
1.0020554956542052
3.313639168110472
1.6425504932129675
-2.164679065500143
4.886227086351947
-3.2314282254499465
-0.801865693184056
-0.8699022547921805
-1.22702025268468
-1.1781416635306825
-6.691241587700158
2.6832654143051426
-3.325698900717586
-1.256044045636255
3.3429963474952413
0.8291531810786398
3.286780604442937
6.3096108636436865
0.9532254271432437
-2.7795031549187406
6.923430978125461
3.0019277930110406
1.6512260673195476
-4.0435161110535764
2.8652532952193503
-2.142100512905476
-2.1735680701117888
4.415748232271018
-4.690222131023879
-3.6436745762375122
0.6010457043494776
6.275309040903515
-1.862742264138181
-1.9628720368568962
-2.221544824929301
1.1060463105132958
-2.4771132793770994
0.5728902879612663
-5.957522144202631
5.117849258733161
5.479208493105815
6.550277379895937
5.301478753500701
-0.07086661658408219
-0.9226534316306267
3.535387114989794
0.41375497311406323
-0.8353966326284418
5.618456580294204
9.037912227664872
-0.15880522753448692
0.04487831394008968
-0.03450933672149207
5.065947602545161
-5.670903977751655
1.5487303867777864
-5.211096160370215
2.2121932362664793
6.27073579422461
-4.656259294289878
1.3279398770858701
0.4656500449781453
-1.376753497609075
-1.4180060310524232
-1.0364107964181304
4.254888579869465
3.0769132629599714
-1.272847466215244
1.7395582477846045
-6.09286155068449
-0.9711124755695686
1.1799161547032724
1.0801018308365242
-0.6225304867049343
-1.3443901796571307
10.055455025619871
6.3583699423341
-6.553340465477076
-0.9340017856432965
3.8774652437437904
-6.293097265958172
-3.1554785078607863
-2.2780454510023636
-2.0070679929467414
-1.9798695665753117
-1.1573278571386323
-0.9766966446507173
-0.8603143319112813
-1.3540607709646988
5.3430062769863795
-2.519817404639815
2.091270978382058
3.4450649194276823
4.917686072728012
-2.682790241703398
10.517734779479394
0.6238876073592711
4.694335400940858
8.624967777973813
-6.483929125716136
-0.354022341320024
3.88848497434289
0.47404631229125377
-4.208414539043524
-0.49652048165359225
1.3913930384084827
-0.9753490991719749
-1.7372811126496261
-5.216652173114209
-4.269384891292787
0.8592059858582389
3.923204311239934
-2.081746527685706
-2.7036300657139436
-4.675917490516792
-4.041954072845002
-0.7840493833147683
2.4947146163066267
-4.9127606862637
2.7697318006275946
-0.22852500827437863
3.0490237048757187
1.9841566646781146
8.343021766608874
-2.5414946237421097
1.6405995472810364
8.531248572862665
-1.4993771951803725
-2.3349372397526937
-4.122972218991122
-2.5029642718693235
-1.804363572936552
-4.703221363733846
-1.7872748554609674
9.958835770261903
-2.435896972090194
-2.062377354295178
-3.684674928236577
-2.6395547660408125
5.0278076775650336
1.2236451356448923
-0.00023474831882543
-0.00023474831882543
-1.7317150985340417
0.226900477128753
0.03265161292609615
-0.6253707699124351
1.00595479110072
-6.027892090496301
-0.7511717275605363
2.017299923715872
4.871194507464178
0.2687460065053144
-1.2200087633484686
-3.288862392161514
-2.3824339545714865
1.9555909800593896
-1.1506179472558502
-3.997558401393927
-2.118136781331108
-4.253726811521144
2.393090357588102
-2.45831076114229
-1.6511753128595958
1.4476981923889884
2.879766780349282
1.6436525970163842
2.5370669311631717
0.03190316226901011
0.9373213157510384
4.750575681293647
1.5054037357645809
2.2915594438605886
1.137018399411932
1.3481437237720864
0.5737271205568698
-1.6327258579480057
1.3140609703215524
-2.999553998581111
5.370686042357467
-5.330394259445923
0.19590340287243577
-1.6425233112951598
0.3661639373576303
-4.37588802396052
-4.537477987674879
2.268190606426686
-0.5239677713306115
-0.2181333675420715
-5.387823738192098
-1.835830210873626
-5.892005500784681
-0.6659810574071824
2.750127282624013
1.4251741963065192
5.00743424809283
-4.222489832466555
-1.442555890514697
-0.4651231406100585
0.5470699660631535
5.306111018181838
-7.62472763622849
-2.7617257032921936
1.5301733484554867
-0.5896345294822652
0.044992241562012154
-3.1367568795805414
-4.885578131630069
3.1509637706523725
-3.2268607014309345
0.5382452587762185
-2.9457366508325573
-5.582072091686711
-3.343552094208071
-0.32440699887084273
1.8642118904789942
1.28979929456479
2.402793542078215
1.3072764791197515
-6.275334850729317
1.6309086801805774
-3.7781079144898806
-0.7839881031019392
1.501896091551565
0.06554879200289496
-1.3805894301819508
-0.29618790390474437
0.20359336124517408
-2.3585073142440964
-2.5921087528648377
-2.07343651262475
0.1414252464392489
-0.32648779081534923
0.8508758345166512
0.9187546008071495
1.379582758024615
1.0110384569069348
-0.03768518890041403
0.9977074205164245
0.49172310243779194
-1.0737078307845183
2.977806474929064
-4.27126402009716
1.6917435499002207
-1.797591797770474
-6.296538252689953
-5.674713990728126
2.5859109425299858
-2.537786542201487
5.994611661708131
2.818451915839432
-0.4469092616429062
2.6293742565411216
-1.0013090767843629
-0.09785283071150465
1.2948329981125077
-1.1613688311179795
-6.987834210633289
1.1171254577466656
0.562176680166721
-3.8878711256072385
-0.19140511927966178
-1.6010640864448935
-0.0069645243813518855
0.18737672950277043
-1.288833937575777
-2.259144029769557
-3.292461008299306
-3.4620716300068177
-2.192254140185088
3.3966958251248873
-2.31231083756033
-3.5246426670590467
0.25668211775124694
1.0249895801895341
-0.9947740206808582
-2.394383287978834
0.5027880183172185
-3.421656344482887
-2.3994142655388386
-1.7820921473803057
0.34148240067545693
-1.3309992888132098
0.6564549257881005
-1.1185951845268163
1.2852456545970565
1.5281123482720487
-4.487897845298197
-0.1089992331731044
0.3329477069173093
-2.40893382747576
-5.8747692544272745
-4.080510300703183
-0.659455204671518
-0.0004584951437250574
-0.0004584951437250574
-2.400852268965267
0.6119613027963439
-4.0032432545770735
-5.174110252218847
-0.5811836124330904
0.25451060677892506
-4.237293892638275
1.971964470813304
-1.8300662190693926
5.982821176247713
1.1184034999474115
3.854305980731179
-0.7310751758730079
1.2357091768441693
-4.880403467732029
-2.2252644450612395
1.9923769001169165
-2.0915960118273063
1.4329507337064618
-1.0726258046453871
-4.548262638289877
-1.6571688864947474
-0.511760440902487
1.1040854385834602
1.3469601381545564
-0.41192377950240283
2.6211958648319196
6.583734640067876
-0.7198272532724995
-1.2720145048175466
1.3842630556158957
3.223185899309123
1.0011737812878685
0.3602686318288759
-1.9213441654697287
2.327756921275428
5.816729524791266
-1.9575493757585245
-0.8519883035542513
-5.713474195306033
0.1306453573070675
-4.718778599662824
-5.916439760469657
0.35827906192908604
0.28110319279356943
-0.5606888905940037
-4.878186458069083
1.9216100264458555
-6.579360221806604
-1.509747004305113
1.977394691230708
0.30464426445399234
3.184156002018053
-2.7145705552322243
1.573945717967322
1.573445716817713
-1.864953714792778
2.255731151569038
-3.9968624073666215
3.674566140962277
-0.34456032400494807
-4.898020643473173
-1.9326876418631218
4.2641866837576545
-5.716961438957354
0.21460881253246888
-0.03690355019206537
1.2956523255098842
-2.5888710922493083
-4.844384907362579
-2.709123062951754
6.406570670695818
-4.145846027174846
2.6902568898712027
-0.8086126611431952
5.777394662181301
0.5611732650077235
0.26922879652042503
-5.045030248349928
-2.477435836006702
-0.7551216808184363
0.1596663684547265
6.253898048600008
-3.9533961881455943
1.8971530925679876
2.898197036906019
5.918972130463542
-4.254327522517327
-0.7508050765381071
0.6895729737963452
-5.157808737320322
-3.7865563792409564
-4.089623433570439
0.5902018196988231
-0.3042314963557167
1.3223319525535044
-0.0760892555738774
3.528194205236922
0.5375778895954869
-0.5889065734188325
1.4642580304584187
1.1653117002756725
-2.571321742200017
-1.5008982192411877
-2.3687135155611876
3.6646492969072795
4.658581558731471
0.3917394046689242
3.720727283938637
-4.92161754470218
0.6352901351519374
-2.159097396253496
2.5824935537982188
-1.211937382905954
-4.815478047968712
-2.698845585341519
-4.684630766726069
-0.7285525763667047
-1.2053904968880946
1.3401425666845697
1.67501950013801
-3.055690447573439
1.3525651276915032
-2.021333068555756
-2.922998971134204
-2.2155344836516324
-1.6640194484573092
3.6586791308254383
-5.106954911459259
-1.1345446413811258
-0.6291100602224811
2.882709264408292
2.2240377943289245
1.4809469525101118
-0.46964894833946036
1.2712696010680151
-2.591001892915705
-0.6610152951574065
-0.7353705767245211
-6.014107058432373
-1.1404096513796473
-0.06544238825625066
-0.26570684121742755
0.2842464912317099
-6.337895255512701
-1.014143407384279
-0.6960388660651528
-0.5418309900870947
-2.5092055447160417
2.9755073095940596
-1.285089528292865
-0.001831207522439334
-0.001831207522439334
-0.8087903329327198
-1.0008625585703987
-1.0385110992038034
-0.6905484253662735
-1.5065553004623309
-0.6802509605624895
-0.6401828439751912
-1.5452271371900037
-1.6223732160559647
-3.2092651059372805
-1.3415862296067205
-1.0943050865515855
-1.1946360163671301
-1.4747319858738444
2.17425337913002
-1.1512121457840871
-1.7543412159386802
1.1966931485165082
-3.2108928699402095
0.8537116374636221
0.17488529317491236
-0.9579279718919322
-1.2324797935270206
-1.156328726756349
-2.265492462148974
-0.5654591151015047
-1.6290365661486934
-1.82119003096379
0.6198700790528123
-0.739615098935758
1.357008554051045
-1.5713702251420396
-0.7085229217207596
-0.5136173785223357
1.3716236369486086
-2.806094554107606
-3.3511876668210316
1.0727396311745556
-0.8600676399273451
0.6326042605357316
0.04354346162374288
1.4729275565297604
1.6724763625362336
-0.8920858241544957
0.3166903878312478
-0.5098249924815899
0.5384069299080241
-0.15084962309226654
1.579380404168892
0.4678414341699826
-2.298986004424011
0.15169482223522396
-0.5677671812397056
0.3307193051333621
-1.5232474057779564
-0.05043084663852734
0.793653487126506
-1.7195960063311952
1.9023212032077876
-0.6243390543192167
-0.9806341358397039
2.166242772754822
-1.6313779501276542
-0.7168174041356111
0.7856968957836353
-1.8948921631155635
-1.2820522309289395
-0.9400124352919961
0.43561027190010293
0.593782319568199
0.2084793789665551
-1.9744973879951493
0.12938056883992644
-0.9253711703837716
-1.8242212207909851
-1.3234184129693911
0.5874826918730263
0.038780934846145206
0.939578517459323
-0.21814013912944277
-1.9249270389872704
-0.6355537974762946
-1.49033584698772
0.12770496171430784
-1.8127315114472118
0.19067507825094207
0.417966411436585
0.04630007458448317
-0.5583403287663519
-1.1765799228613973
0.5050104531891471
-0.5449273573639798
0.6590117092182958
0.16983507916471868
-1.9092468897221206
-0.4039076633701724
0.6384244782065567
-1.655892467342415
-1.5834475262366035
1.3026620146804249
-0.9469617399133001
-0.2798348971549163
1.356180534426893
0.27318243406036957
0.2571525424172875
0.2021736564001604
-2.023008791878541
1.6133447153960465
0.671870909797883
-1.5247770496065427
-1.2070787971595887
1.3582474079145481
-1.113619296090189
-1.2537836541688032
1.235494139907876
1.0524176281094897
1.006106822316562
-0.31236875040731454
-0.986158187950786
-1.6488411996909271
0.5881638473430881
1.0771603847212412
-2.1778251325886635
-0.15302341899839728
1.0682898309631763
0.9893625331226394
-0.4724420220146304
-1.795434400703657
0.7373091286385961
0.8164391092719168
0.42161103448491405
-1.6268256197705304
0.28774607891785614
0.5043467276797801
-0.3160162832534787
0.24461366475164822
1.303449811586626
-0.7347311207274021
-0.8578893344950782
0.04117997703741393
-0.9075644416340946
-1.1481703413552649
-1.3857726874730762
-1.432866310705322
4.163919633943841
0.7412841493588455
-0.7779977497126686
-0.10670926301095744
0.5201158595172225
0.8538522715735244
0.5897506496691033
-0.0002678375288844255
-0.0002678375288844255
-3.4952539143952737
-0.045162402519419366
0.8765525104452352
-0.5313492963892453
-2.8062137792483575
1.3932419979566861
2.3013091782304187
-0.031358875885095124
-0.17054677572045843
-4.090550860359426
-0.7331510661406759
-3.929066688286318
-2.380682319700558
-0.2674104794504098
-2.180883920731878
-2.4869383063671933
1.1275170998992756
1.1440799515278985
0.7185035892979068
0.6229225581198364
0.7428211515845805
-4.9420395495415095
1.4996902099656417
1.245714067109949
-3.342380431642381
-0.5802194133443922
-2.7657431494449165
-1.9945839754612806
0.9335318208230858
-0.14971041945081032
0.6267545358388966
-1.9747315481569667
-0.7676055731541956
-1.5339775900853794
-1.9383794838790807
1.3384287314996481
0.21359785786260588
-3.5428062593184695
1.3238669229590316
0.13075864725297864
0.3527172112832808
-2.193070388907019
0.78391436553524
1.1395265473383083
-0.8277415407297908
-2.9417778694134142
-1.009600754637338
1.5923937341962489
2.536568375530136
-2.4081478596970367
-3.880490955123437
0.10508375850770328
-3.1081101314211503
-2.904687797423823
-0.09143386624720591
-0.9868029757982999
-0.39027305742565627
-1.7301074243449435
-4.707032777755178
-5.116657037397888
-0.9945643213373455
0.01859748112756665
-3.4364612833249915
-3.567369806332525
0.5582565509449566
-1.4383565974990293
-1.7421561123136577
-1.5403408755001415
-1.2955955377533728
1.760163500381531
-3.007423239888009
-0.9503417176851582
0.2548206290120539
-0.06632800158876692
-1.541018923688962
-1.8606197258411645
-2.695408702309573
1.3972462559853236
-2.6120157065994487
0.9441455455293697
-1.6015659749593911
0.18454672448304307
-1.1406888967592228
-1.8831434743753845
0.33454404392656134
-4.165655714541307
-1.760908408052263
1.6875896629749951
0.6388731997595025
-0.9567081418011788
1.7472670696105814
0.6172294346130804
2.51900856120886
0.6518686312543627
-1.5387253932968068
0.3069047890248691
0.2903853932226993
-1.2442312114803362
0.6893367366785957
-1.5230099032392381
0.23950147165591906
-1.4174130389991693
-4.153500405136858
-6.293801244459422
3.257851334346467
-4.365716095261025
1.3898240643338438
3.582811616671904
-1.825180566359351
-0.3891077846885636
0.7881687115840733
0.09694569606173421
0.3642983701217428
-1.1216457416559111
0.0670586621699016
0.3440975070501818
2.2014148700372123
-1.8746608314403188
0.6843358485724983
2.2238291026944843
-0.5949436408497293
-3.8076804455633506
-1.6554257053492307
-2.0727574377814655
0.20571761581696452
1.3706394496793182
-2.1678368906072008
-2.9846320187017925
0.38045108000450173
-2.468920096554167
0.10554239897478002
-0.9048055564308948
0.03953624366367062
-4.127507964469317
1.1783664265269993
0.1798123779659803
-5.635561912163541
-2.6890811714495246
-1.3367041102855772
0.1367591895009644
-0.27789370216634657
4.459765250543688
1.6341861972739378
-0.839050215455026
-1.912304946712828
0.7759746200986932
0.7206895006415814
1.3293575258836972
-0.919756823269436
-0.08556868411217425
2.444431271145558
-0.00023277062856260548
-0.00023277062856260548
0.8994103535113697
0.42527037870098905
-0.061354075894065316
-5.287769936007211
1.0026508754690946
0.12175276641269434
-1.4748127110040818
1.4089670078961296
-1.117707224977735
0.1085883375967737
0.3264477422713374
3.747068577833449
-2.8292248881023196
0.24548773835864734
-5.167061696837331
0.07325205607024335
-1.659449746780761
-0.774063941869996
-4.459070053005411
-0.18347558067303554
0.5390588613992123
-1.5487680516858395
2.440651952455863
0.7318516360211506
-1.0657939658547342
-0.3862431845162019
1.8196271331343155
-2.3194249867872263
-0.31899930468387744
-0.21696109267770822
-2.7044142573565733
-0.6086340782982759
-2.0882384041707636
3.969960346903298
-3.6590287269034807
-1.684902817498079
1.2841046659392754
-1.949249313670341
0.12801767897758978
-0.9736381205275754
0.5221667924531883
-3.5473782850272215
-2.567704371299134
0.20203737465067229
0.4014974631013934
-0.5178016758652447
-2.6278586130898383
0.6022304630205101
-2.009202735511737
-4.036514569945028
-1.0604386528436025
-2.747480392248436
-2.7275049615320315
1.7416649494874696
0.49453146316745794
-0.5113964434691989
-0.16422757827562906
-0.4538979558749776
-1.1301045442550166
-0.12276866163331206
-0.265317790695724
-2.2586041248859825
-1.468159254339664
2.243614323688076
-1.1590875890411705
0.052628519763343186
0.8068625772225143
-0.20211218177670964
-3.985429032323274
-2.0129580226857744
-1.1966168144623635
1.6180142381306737
-3.7579911293188717
3.0048509022386547
0.10696729618537575
1.3348120952852178
0.25352353550914686
-0.10098584098073546
-3.818002228675437
1.9334442314788025
-0.5764346745456264
0.5068735608112017
4.7649301984369
-2.4829559835024377
1.0514788016463297
-2.115720975749009
3.66459931548474
1.465785868321649
-0.32953848670971214
-4.357744132377634
-0.8620286658675401
-4.639407843422202
-3.455942620498224
0.24339729560122
-0.5256300509477296
0.09508840022421744
-0.9747220055429577
3.537070250722963
0.13088608440765223
-1.2694355766811511
2.15334854251326
-0.44748393782229456
-1.0255384664729585
-0.6304180871811783
-1.984142225402792
-1.2086462986203181
-3.1395915643963233
-2.290487587820043
-0.17996872080314763
-2.0994722557855408
-0.6860668353415006
-1.988635972240236
0.015905929169108005
2.0077704534471597
-2.8623214104895673
-0.9124952344400862
-2.4531241656976714
0.7119522650248248
-0.13373864453667414
0.8668601957050367
-1.9603011263041665
-3.252906256252301
-0.85182268571215
-0.512940172266603
0.5879618884427228
0.11773486276016593
-0.906397563029205
-0.601641672012808
-0.6059017417034664
0.6865316405381106
-0.4342075287369109
0.3148332315626129
1.025187087613305
-1.4288921427817638
0.848152128395525
-0.43911331496114986
-2.8832495521010517
0.12093505191308554
0.940529438230466
-3.3655305069783035
1.8630840347137156
-1.8535495440513685
0.5245788357034569
0.5064936233742842
-5.0702144583408275
-0.11024396565281609
0.8274316177249164
-0.8938592127150874
-0.32715636956171595
0.2605665764204542
-1.7762991847555027
-0.0009591628471695716
-0.0009591628471695716
-0.9807131570061776
-0.31117860485664695
-1.8059885962880988
-0.5187738965324732
0.38537901692313403
-1.9432332251339663
-2.050414778105212
0.3872155288760069
1.99996878342025
3.721315273241612
-1.9317722051959405
0.40631944312824114
-0.9517290074725612
-1.124653804622131
-2.4935975187075248
-1.2102022587913501
1.6205446662564105
-5.315641569178881
2.8248596587961763
-2.870398173834753
-2.2767943513258917
2.0250396616827637
1.0617102344422618
0.9431631934866602
1.6694528712244476
-0.6805223859222626
1.075431260515554
6.422523470478872
0.6281259627924555
1.401293883241308
1.1988930199678338
2.349966766409452
1.1541179319149515
0.4388196688430621
1.5792567023599324
1.2793162994112313
5.880894361515193
-3.2135730279851282
-1.8266893315049888
-1.5239023994199947
-0.06991973836693699
-2.692952632976156
-5.434638379125376
-0.7430627294517059
-0.17082398502140855
0.07362377938599682
-3.3776535194472066
-2.6483247087563306
-4.116107333082084
-1.2152947134445065
2.607660484423047
0.0970992448023802
5.421793685955666
-1.4275360850503866
-1.0567021019187814
-0.6511024041663024
-0.17332162609985433
5.619665057538392
-3.685037325870371
1.8714667108567573
0.42631830863438497
-0.027175664039160427
-1.740639011196085
0.5299658763377405
-4.996028132363384
2.4434339175999327
-0.716647797788963
0.01948474286950808
-1.8861090631402135
-4.77591322431056
-1.4432047938707415
4.13892287520294
-0.23810831443119113
1.7635525585887455
1.4823096718387785
4.25389879879179
-0.8543389088078798
0.06783853811763829
-4.394059277699294
-1.7302607351742845
-0.6923310037241751
0.680152206024787
2.474655781340914
-1.9492839710070045
-1.2994441724180905
1.0548373301861993
1.0297369220867783
-1.4701077290106732
-0.41622478815109065
1.3576524860619759
-0.522967823445888
0.686903457535872
1.808825499179357
-0.16912106774070654
-0.9083738470594617
-0.7699141473435956
0.6475721451725406
0.914682959044983
1.0087013862747234
-2.13989326386803
0.6136926375992349
-1.4201770170014631
-2.7630876864307368
-1.8611377990508708
2.0056260332735256
1.0048865464197254
5.38241518442793
1.6522463486046475
1.014918740880257
0.2501345428704153
-1.7788229498325794
-1.3502975301721187
0.7930466586006002
-2.0594907876663036
-4.740983061920063
-0.6563181783118754
-1.6778063633321754
-2.5563472853023046
-0.38944892568168904
-1.5937926353824723
3.872001135750632
-0.2020015804820041
1.1769467706330712
-1.6969456576618438
-1.9410475169226202
-2.7773258896806534
-2.5582950428239357
3.235601403590392
-2.0344133764538985
-1.6312121393952508
-0.12410052769159742
0.9628467974632241
-0.5705034356380003
-0.04294647999422284
-1.6000639068670428
-2.1724885087176005
-0.8360227268145415
-1.8457520780380803
-1.3445083038282237
-1.9741547630297687
-1.4707982823728696
1.9111040560171417
-1.233435861072227
0.7115872122896428
-3.1359642893211412
-1.1777732441378863
-0.8984516675237353
-3.6524621057747373
-2.1670272702846773
-0.6331022512839605
-1.781037985449113
-0.000981719621810214
-0.000981719621810214
5.243001037428335
-2.8097859937569596
-1.3499912484151761
-2.350763807853707
2.9076963295934886
-7.195675635025968
-5.973249834266926
-2.3992214601592825
2.4330388287494538
0.4374108192835408
-2.0658491852991223
4.932874688262037
-2.5306297815366237
-2.352614102727011
2.219278902059622
-1.1502175289060133
-7.249347680573657
-4.771005724002028
-5.77622969934567
-0.957644521273396
-0.9597697028946902
10.030282401914256
-0.4581967875555291
-0.6557487646703545
3.51299407379608
-0.2787277642736049
2.9845612191758146
4.1606834343865025
2.9083145997945574
0.3501198486779524
4.43405951338912
0.9573838799454099
0.42100598691467045
1.792203555427992
6.411445879767016
-10.908470673359353
0.023715747629981045
0.23245755993174447
-4.850138497083119
2.312153911152978
-2.034176252233422
3.719055350945756
-3.451032362824721
-2.500150599187466
-0.062276094704171316
4.485973445513042
-7.170226717720858
-4.634957210419761
-5.76014434746524
0.8937160722184383
5.171756355654575
3.4278512114951134
9.213742766033448
5.526460543182624
-2.077744371103826
1.8177458014591878
4.497785928407836
6.511241814838403
5.9113932803122875
7.129664873436725
-0.524232489919259
4.483354278364974
1.5088649402076932
3.0770552631292825
-3.207218074559954
4.706018723311268
-4.747906343136589
-0.1975550770652389
1.5004042525713182
-8.146080367845572
3.944699646923646
-1.1852000695701712
-0.7745242563829993
1.8978741303446662
3.2077125881259647
2.2335880352856106
-0.06061378644001503
-1.8351936868805552
1.071640125542396
-1.4976445178902633
-0.15883400834841543
2.6951540552666002
1.4649413442705044
2.3515635185063326
-3.1279581136726406
6.889412631286946
2.766902921450706
-1.7173740529541794
-1.9777835901909926
-1.1897445066583188
-0.1296252714361071
-3.8822392973392423
-2.1811807445618494
-1.316338932956065
-0.5940884677008783
-1.4507122299049653
-1.8960411540405937
-0.23158741001558114
-1.238797017427227
1.7576532898780692
1.0759910654402114
-1.3760526951721535
1.3743099920642776
5.914631709408013
0.2024773340881332
6.355103123051156
-1.0940223229140156
2.257915298759488
4.991464829747154
-0.405215889619805
-1.4110199427154384
3.4589225251257645
-1.5258638983733197
-0.18200633306309044
-7.260694522326373
4.271117834598183
-1.1439601182516108
-2.2728900536719148
-4.590837634014533
-8.347678702916273
2.2940184317401164
8.039903077661199
-5.523755353110086
-0.00971477574744451
0.5850887738689362
-2.4721531655515023
0.2474889750547847
3.083728584791984
-0.23473343652350429
4.621939544642722
-1.291930443175162
1.743470877588778
0.4892084229473888
6.410085729377265
-1.9117805734810513
-3.631264470858447
10.863382592457272
-1.2685242509985484
-0.39977786732094234
-4.279116336295788
-1.1311151277706977
-5.466766006087494
-3.325196277111388
-1.2054825298779481
6.649226551446633
-1.1905625441270102
-0.5542657833208638
-5.220242459280095
-6.054394732377933
-1.0084908953525014
-1.9982890134346964
-0.0017676346970281255
-0.0017676346970281255
-0.9197485469056703
-0.12435860671355109
-1.9677971469295452
-2.7573739636417893
-1.6209585912336748
3.6372512066250517
-1.3038536096606836
-1.4540368532536552
-1.708436150636293
-0.7795557022877716
0.30596805900812507
1.1567583712090912
-0.8006817974377617
-1.7700870664657198
-0.18352013232788625
-1.2922660802649988
2.0538981922715784
2.1379795421916175
-1.218826551373618
0.7186329104416661
-0.9357426846792367
-2.099605110964911
-1.7010250973722676
-0.5681775844169847
-1.4624142472828887
1.1159852397132466
-1.1775585092010048
0.7674915644750159
-0.1636550282887989
-1.5895136188842023
4.212740338124279
0.32714764159194404
0.012233168262673538
-0.9916825704603937
-0.5640015519066315
2.085455163112113
-1.024095330804335
0.8535577178138303
0.04103320931153695
-0.7529018300606519
-0.09496158734461424
2.244811218138862
0.8854491947901565
-0.6491320842393538
-1.1157534535784992
-0.9819499526133291
-1.174298253899187
1.7535068172847579
1.0401578786876775
-0.5033344087758206
-1.6650103561394505
2.4508624794927134
-0.23669482330178965
-0.09275821460545293
-0.388590507904319
1.7267960093073265
0.41387689323446086
-1.9481493461966455
1.9378606597841044
2.355395912345758
-1.693857395664985
-0.47674900254214747
-1.4233556124645628
2.0551970135565565
0.15662949499312162
-1.73879638188508
-1.751005012391773
-0.6868054410555985
3.219028375970908
0.8697801479440214
-0.36548161098926646
2.674242483172692
-2.0002867792393326
-1.004397133807629
-2.025096449814554
1.35627452938211
3.442079420679134
-0.25501854706794325
-1.0546814201209838
-0.8584514087321702
-1.9589288695944296
-0.8749837575759342
1.1044677299773855
-0.9435976835107914
-1.359799132138345
3.9803306009949835
3.246075612063998
-1.2463369442040086
-0.017089809234259352
1.5323299449603267
-1.9042265151970117
-2.376543434837981
-1.737755411697911
-1.5235965294231972
-0.7927847398978144
-0.5455751221694574
0.32055836649086755
0.08135238950189884
-0.38599825638222945
4.09729609185382
-0.8964255822455722
-0.7683706010623159
0.24862116969683296
0.1947037557884786
-0.031165543906765743
3.8589738680665424
-0.06020119637349092
4.152032780818332
4.610331451318722
-3.79412969848235
-0.5521282431837493
2.2333712687293463
-0.7291045531611171
-1.327705888485561
1.5426070276080173
0.9019270726476915
-0.30686229274131727
-0.6465820785742563
-1.675815422330909
0.3100285403478193
0.9797492497538863
-1.1475931476670005
-1.704492426836181
-1.515914268209407
-0.36965312969948455
0.19457009626839455
0.4900409238905535
-1.2177340961733423
-0.41623024488199356
1.2313460417018516
0.8984190397464773
-0.7349225517622537
-0.3549183512371951
2.6363994321756223
0.6376272458597586
0.9018378862114684
0.06985653133952309
-1.8011550700748995
-1.0224968901043412
-2.9581609402947424
-1.1116279234516278
3.5813576865488423
-0.003938150275930222
-0.5088275924360472
3.883502264744668
-0.5731830292447675
-1.21008825832547
0.4977118485912835
-0.054363741225486865
2.8083903405843333
-4.084096767514162
-0.008517678921989263
-0.008517678921989263
1.8350150410372115
-0.7055830491498063
1.3770654530048259
3.35688638985269
2.796976746165363
-5.882886421765745
-3.6079946725144665
-0.17783004642747136
3.319352664429285
2.5435290328884372
-0.4087909614024725
-3.090508136904931
2.8958208465677298
0.25264259537782024
8.229465283100664
-1.6083070370071095
-2.9025018894847565
-0.2836476239039966
3.3875108672352914
-3.205654634835263
-2.916432413891444
5.425580053528496
-0.18584199436281146
-1.88735126511929
5.905827443253558
-1.2207739891637908
0.20293755136978422
8.260276166487165
-0.6786549085392661
2.8715541770056183
0.9674218925316407
4.13864457298818
2.209374914521653
-1.8765799652782567
5.301758238908446
-2.8613749855822035
1.5074118958881098
5.360532306835117
-0.24400613005964675
-2.9186800755076727
-1.7613404325382342
-0.1656749823722143
0.967218075492737
-1.2197048249071891
-1.677020835462969
-0.5453987638723973
2.879193866339395
-3.802509375838773
-4.2027661334271595
6.72337490497136
5.389689899777387
-0.8849505387516445
9.17202450590949
0.7829794851669752
-1.5414626541464442
0.1242892535199237
0.1427653854446995
2.501531478645698
-0.8800568320697666
1.7949514514890756
1.1509533946314123
3.614719977539384
5.660000809081916
1.6185883016322553
-1.088385473009757
-0.38675461393169774
2.0987854937404204
-0.48532270188108984
-1.1117681944969262
-3.210436299850742
0.041294140008484664
-2.698546315292259
4.075316191171583
-0.9255606505180335
2.8301978395136054
2.8542115516212396
-2.9250189595665006
-0.1620363000667904
3.73986167443214
-2.2349228508323704
0.4080168246860077
-3.874784366907843
-4.587052527298289
2.841531083500202
-1.5853491856607191
1.5147445857615462
-2.416730128195995
-4.417754211515213
-0.9971207400030195
1.5919611034580723
-2.407537112483856
3.359385092189614
5.348836125435706
-2.029337727584671
2.530131178537637
-1.8699577185386849
-0.8991514727588182
-3.5949847439278355
-0.5519626263054661
-3.242983609389704
-2.2257102168848997
-2.2804732279226396
5.279073563663161
3.047926814990885
0.5737742813896435
4.458543199496523
4.956756995398313
1.736762296308697
2.6163948158246653
1.6688243583507765
-2.397140613719469
-0.10068771779499608
-1.473971008404389
0.520431675442996
0.7067139373080968
-1.7615759843477925
-0.5306188947164518
2.373662292947829
0.4342226699437896
-1.8832014553126233
3.9616748658902723
5.516136125046155
5.004603837357414
3.205295908213539
-3.074138626384923
-2.104862684054087
1.1581782441290003
7.216445711336907
-0.9286017755729462
-3.6545016665765413
-1.0393278923345188
-1.9464964621957193
-1.6490544811997214
3.3083481704702007
-0.5386180119849197
-2.8902508032816647
6.514239290091378
5.323562644475083
2.663416678675887
1.9111581467434133
-1.5903181787915641
-7.585956289749785
-2.520489634770454
-0.42124988638783345
2.675355822368885
-2.9049660050826827
-1.7882905787191707
-1.5926604636435755
1.4667290750735258
-4.423601328554492
-4.82232139140761
-0.013313147239666595
-0.013313147239666595
-0.07580260128204701
-1.142083570578138
1.2374443575361866
6.749557760336674
-1.2121462939990026
0.3338823020278236
2.243140738478273
-1.3881652577754247
-2.13609565174759
-1.6616594790693549
0.2845636859776691
-4.088829196877417
4.974328092066458
-0.7558495065806744
7.961096582021137
0.44710998915272043
1.2017398251265168
5.191887782355259
4.359274659857748
1.778733075593063
-0.38158833110000406
-2.523235531351086
-2.3878496671362845
-3.392888718729763
-1.1662713073920934
0.3380003924656942
-2.637594404793309
-0.7565600427429172
-2.028057284734168
-0.6784860436651923
-0.11794473419460401
0.47235429406312257
1.7386215373352527
-4.037217982380146
1.5041396999284022
2.008875174337186
-4.5017444206686985
6.2998906157439
1.175044303527118
0.25146322231910917
-0.7968857055174087
5.155507304985933
6.51979083042749
-0.3065948062239445
-1.4123654532114096
-1.132371665315946
7.93312114301526
1.1958468234448332
2.4822172675378202
6.194807574659848
-1.345888232446291
1.4915510055570813
-2.2122798428466575
-1.6181913910582535
-0.17532545658706863
-0.9983897568923682
-1.431855992404546
-4.547839632232366
2.4545598137170708
-1.0616707876460647
-0.5328814407318194
2.0880750775003354
2.6285848206995497
-1.5211969222243686
4.668460053178675
-2.0189251456062314
1.7861349373855795
-0.7061063337184518
5.014843801226422
7.116826918771745
1.7203904031749435
-4.913649430161758
4.876092776712375
-3.52613914115085
-3.137659468640849
-2.046152962221803
-0.7604700296218273
-0.18825257102579848
6.904926947996777
-1.1466919770281656
1.6956830065464696
-2.91720287929347
-6.5164484239933
2.5283911244466846
-1.2024972380107743
0.4065905439954528
-3.6379762360740564
0.021585041581121654
-2.128417478288496
4.027787750747925
0.4887481690208982
5.7550741218231
5.14074258059063
-2.770476283372012
1.1976010712872307
-0.8419818510569154
-0.22190044875030357
-3.9520465812395504
-2.1129478439528007
0.6228320366076805
-4.215806558786288
-0.8197592727381037
4.226852991351093
2.1101443769630683
0.14330750057983516
1.3754627059900228
1.0545096346809661
-0.330071289235061
-1.0836823824360362
1.2642688617362687
0.35604014642192017
0.032989915432314776
-1.948148626140062
-0.22422812519936977
8.897185141482561
-0.967022380092335
3.121681930637327
2.99248379160477
1.0984152126045097
1.2435012710345523
-0.9566784770795296
1.7962811557299891
3.1963964538245273
1.6499641278673625
0.7679153709786559
1.7899575034795947
3.1166560660789546
-1.0982884230721361
0.3359445573701685
-1.330606886920452
-0.9156803181414034
-2.5855132997067067
-2.242466926020127
0.4027087158158233
0.5526243530457997
2.8581857401004465
2.6181525844831213
2.4246839354112555
0.7097037453105851
5.306350537495921
-2.3324710153795123
-1.3292780341770918
-1.3726592972267058
-1.5167345662110527
6.941593566801677
-0.8225586877553198
-1.1629733155389435
2.789722539309374
4.575188546179298
-0.4466896975857867
-5.511213511400336
0.006855985176291697
0.006855985176291697
0.9519110863219562
-1.3375465883781523
0.4300004338527739
12.574704362560484
-1.6018889517996198
-2.0277941723358497
5.1272620814767995
0.6293970103248684
-2.8172535491440915
7.875771683082839
0.1480471891448243
3.0752173979097104
9.390326975360622
1.6206433335536765
3.448677462016084
10.099313617860778
3.4155467351053876
-0.01759804959560521
6.400607746015697
1.9737660324718156
-1.36542628033017
0.4024646180159282
-3.669473120515222
-3.8169050982146375
-0.061247276904413374
-1.2118613031468233
1.2880605101964502
-1.4304998867072856
-3.615529300495607
-2.124680046028758
-6.6792171484152245
2.5857420947459917
2.643878491432365
-2.0536601807759642
4.60165099878537
1.5845688331241152
-0.5816822720406544
4.442156271775944
0.5796150363150556
1.2083546482148935
-1.9448076002368648
7.596094875189571
-0.38202797192110666
-0.20961445948447477
-1.8829369221130157
6.219932247079008
7.85258534005959
0.16276098315577545
-1.3284518027986163
4.073494981657325
3.256903499328779
-0.28117237675662693
-2.1354144077788413
-1.020504477527159
-0.9813794793087239
-3.587129246527885
-4.25597840104917
-0.4177318338674246
7.044764876206642
5.70861993666548
1.7466074911168548
0.8633628351854968
4.021704205518928
1.2770979284890096
2.327642365418479
0.4271007244791532
8.355225530437162
1.1586331043591038
6.1655391050259425
6.039281474234789
5.419678367064369
-0.828577655738297
2.8313333857668077
-3.578710989890272
-1.4911072549827955
-1.2381533331796744
2.259633005663039
-2.28588782721823
7.416479941547423
-2.1917346549842054
4.8528248497632545
-0.619490658964842
-1.7672726576536655
1.7935522865716411
1.3245791529824504
2.3843408181162715
-3.357071418061481
2.0180043687640663
-2.9710598849876755
8.47883988843612
1.270446675875766
8.52224867220052
-1.0603043477675067
-3.1018463215783
2.5119754275773776
-0.9694995739894636
-1.0320474583204169
1.010605163820885
-3.949392534775221
0.4921222753941096
-3.0142267720193723
1.0061639531695479
5.170803486654361
10.381889701816236
-4.260099083696192
1.7408204053256937
-1.2852230024149942
-10.20867939968118
-5.25285865912648
4.753108568434003
-0.895579391248211
-4.1118147674447245
0.46947967637731464
0.9191700002478679
5.339763078176627
-4.669613115416733
-1.1146813021336979
5.525495693711541
3.011529922623104
2.2043508858686915
-2.130216700095207
2.3544974025354164
5.741065567414038
3.489601603920693
1.9627325351134826
2.0182097443063607
2.8795993267921776
-0.7633829327115796
-1.0436050727662594
1.8712644844348254
-0.9132264599684511
-1.3796879990518476
-1.5888713926569107
0.856042074030627
-1.5185139132729593
2.2445562129445795
5.271292147022564
4.5474981335675855
2.018941611801979
8.473822998172206
-2.7240680067566867
-2.1073671657811617
-1.8454844258963874
-2.0315540489056
1.241947934153102
-0.16338062539260537
-2.440095195839635
1.2197879716865736
4.813971341967399
0.987564890212784
4.243438406640066e-06
3.5166849397764207e-06
3.5166849397764207e-06
3.5166849397764207e-06
3.5166849397764207e-06
3.5166849397764207e-06
3.5166849397764207e-06
8.105083566282869e-07
1.4693442787395827e-06
2.2212030202933685e-06
0.0003331625868464457
6.474567311492144e-07
0.000141065601241672
0.00014243030786044658
3.3652480396120855e-05
1.6355926371801274e-06
0.0003015972132543351
5.558062018762234e-07
7.936666637701403e-05
0.0003398103182600234
4.111392764200586e-07
0.0001758727004501195
0.000194988040532606
0.00023314938133122578
0.00010723628912080591
0.0003278631733949283
2.2214681064715622e-05
5.83089067179783e-06
1.1733410692746424e-05
5.801699368485099e-06
1.7894520329068452e-05
4.735905070217757e-06
5.529443028206031e-06
1.93383894859894e-05
0.0002584363483718432
6.465168213353262e-05
2.3632439108913578e-05
0.0002796129071697249
0.0003487175326827283
0.00029029970097029797
7.051534072636891e-06
0.0003481611150965486
0.00019835586245947395
0.00015290904876454956
0.00026808839771146764
1.6162136226311212e-05
1.1710648294713429e-05
4.5282117440236334e-06
0.00030544781978198126
9.398144189581644e-05
3.873965212266771e-05
0.002822100654366756
0.00016493286104253522
0.00027188013510684987
0.00015135408776798914
0.00011759231756736102
0.00020582620680082738
0.0001419436507024192
0.0003002272331682742
0.00011692755747719493
2.025902186882385e-06
1.3779487367719847e-06
2.665296046586144e-05
1.1050225081102474e-05
8.727069780231056e-05
0.00014073538684146496
0.00029400575716580804
2.033533429330298e-06
0.0005504095536904213
3.3557820259395163e-06
0.00022041446217275625
2.2375358655974896e-05
1.3160347624406187e-05
0.0001974654028029695
5.752173148540227e-07
0.00033206058493216153
0.00020834125150866138
2.4665784867264302e-05
0.00013504271830032654
9.073686626068602e-05
2.0611454643642757e-05
1.0388476173035279e-06
0.00034726622823222624
0.0001926949502215727
9.359194948710613e-06
0.00013813856337102772
4.4754306867888165e-06
1.0882986979979986e-06
2.6499304931250035e-05
9.583500238016394e-05
6.188676021600997e-06
8.61203061064452e-06
0.0002491959982769108
0.00016897624889628977
1.5785452123672128e-05
1.2273698563804754e-06
0.00034085087527725277
5.052638758330841e-06
0.00032708350614229435
0.0005846248917681369
0.0028225171769876126
1.0862381825840916e-06
1.1855665728308853e-06
5.774187998205879e-06
7.152998182974568e-05
5.649830814970389e-06
0.0002633432638024379
7.332178429160408e-06
3.4361201716455717e-06
0.00025577510181476877
0.00022660372859795147
0.0004979272308468711
0.00023610981014239176
0.00024664560328493214
0.00022929528004993885
0.00016828803035270939
6.394794692879828e-06
8.7597683494562e-06
4.366903051020544e-05
1.5925062126791644e-05
3.1856815173799447e-06
0.00024651026606472475
1.311769040933573e-05
0.00029161056022525413
0.00014782017492875763
0.00010871930362664103
0.00017727714182116548
0.00044874448096069027
8.751226600738891e-05
0.00030062731111479835
1.276838284896759e-05
9.893673646402832e-06
4.458726953413446e-05
4.960575574885666e-06
6.876534621080434e-05
1.317248220994466e-05
9.003880179647484e-05
1.8322324938368783e-06
1.5124342869873772e-05
1.183028390558142e-05
0.00021251049744606094
1.5278677800153455e-05
7.303434836382152e-05
0.00017256029212296917
7.331478931166538e-05
6.691938683121587e-06
0.00026506747648008533
0.002822584598120395
0.00021651323843262132
9.289222043390485e-06
3.4231897656607083e-06
0.00030341438332503676
3.5585529399956414e-05
0.0028223452988166563
9.329735752213154e-05
0.00021701874076014374
0.00033208230910211146
8.105083566282869e-07
1.4693442787395827e-06
2.2212030202933685e-06
0.0003331625868464457
6.474567311492144e-07
0.000141065601241672
0.00014243030786044658
3.3652480396120855e-05
1.6355926371801274e-06
0.0003015972132543351
5.558062018762234e-07
7.936666637701403e-05
0.0003398103182600234
4.111392764200586e-07
0.0001758727004501195
0.000194988040532606
0.00023314938133122578
0.00010723628912080591
0.0003278631733949283
2.2214681064715622e-05
5.83089067179783e-06
1.1733410692746424e-05
5.801699368485099e-06
1.7894520329068452e-05
4.735905070217757e-06
5.529443028206031e-06
1.93383894859894e-05
0.0002584363483718432
6.465168213353262e-05
2.3632439108913578e-05
0.0002796129071697249
0.0003487175326827283
0.00029029970097029797
7.051534072636891e-06
0.0003481611150965486
0.00019835586245947395
0.00015290904876454956
0.00026808839771146764
1.6162136226311212e-05
1.1710648294713429e-05
4.5282117440236334e-06
0.00030544781978198126
9.398144189581644e-05
3.873965212266771e-05
0.002822100654366756
0.00016493286104253522
0.00027188013510684987
0.00015135408776798914
0.00011759231756736102
0.00020582620680082738
0.0001419436507024192
0.0003002272331682742
0.00011692755747719493
2.025902186882385e-06
1.3779487367719847e-06
2.665296046586144e-05
1.1050225081102474e-05
8.727069780231056e-05
0.00014073538684146496
0.00029400575716580804
2.033533429330298e-06
0.0005504095536904213
3.3557820259395163e-06
0.00022041446217275625
2.2375358655974896e-05
1.3160347624406187e-05
0.0001974654028029695
5.752173148540227e-07
0.00033206058493216153
0.00020834125150866138
2.4665784867264302e-05
0.00013504271830032654
9.073686626068602e-05
2.0611454643642757e-05
1.0388476173035279e-06
0.00034726622823222624
0.0001926949502215727
9.359194948710613e-06
0.00013813856337102772
4.4754306867888165e-06
1.0882986979979986e-06
2.6499304931250035e-05
9.583500238016394e-05
6.188676021600997e-06
8.61203061064452e-06
0.0002491959982769108
0.00016897624889628977
1.5785452123672128e-05
1.2273698563804754e-06
0.00034085087527725277
5.052638758330841e-06
0.00032708350614229435
0.0005846248917681369
0.0028225171769876126
1.0862381825840916e-06
1.1855665728308853e-06
5.774187998205879e-06
7.152998182974568e-05
5.649830814970389e-06
0.0002633432638024379
7.332178429160408e-06
3.4361201716455717e-06
0.00025577510181476877
0.00022660372859795147
0.0004979272308468711
0.00023610981014239176
0.00024664560328493214
0.00022929528004993885
0.00016828803035270939
6.394794692879828e-06
8.7597683494562e-06
4.366903051020544e-05
1.5925062126791644e-05
3.1856815173799447e-06
0.00024651026606472475
1.311769040933573e-05
0.00029161056022525413
0.00014782017492875763
0.00010871930362664103
0.00017727714182116548
0.00044874448096069027
8.751226600738891e-05
0.00030062731111479835
1.276838284896759e-05
9.893673646402832e-06
4.458726953413446e-05
4.960575574885666e-06
6.876534621080434e-05
1.317248220994466e-05
9.003880179647484e-05
1.8322324938368783e-06
1.5124342869873772e-05
1.183028390558142e-05
0.00021251049744606094
1.5278677800153455e-05
7.303434836382152e-05
0.00017256029212296917
7.331478931166538e-05
6.691938683121587e-06
0.00026506747648008533
0.002822584598120395
0.00021651323843262132
9.289222043390485e-06
3.4231897656607083e-06
0.00030341438332503676
3.5585529399956414e-05
0.0028223452988166563
9.329735752213154e-05
0.00021701874076014374
0.00033208230910211146
-0.002035705577945946
-0.0020882948350461044
-0.0023389797551295567
-0.01410904724402051
-0.0002638211587936676
-0.10094696482285778
-0.006707094823583714
-0.013099861249287354
-0.05232021492683812
-0.0076525008252693
-0.006650589387503013
-0.027404652776273474
-0.0280491320517204
-0.05050384848651787
-0.24336225491397895
-0.38037563541904557
0.19588529075119132
