7
17
0
150
-11.517182869227767
-0.004949675728777065
-0.004949675728777065
0.7328938519044108
-0.006765617377071413
0.8769817479959611
-0.6454329049436086
0.8625346981790055
-0.21890772248778445
-0.2332234957508357
-5.0641842156082335
0.026971417783441084
0.026971417783441084
0.04601323716724065
-0.42295915197678413
-0.6067208408086405
-0.8266065962096347
-0.6407094277170573
0.1262160239947941
-0.23868795024364414
-6.766415992343845
0.014622537726874548
0.014622537726874548
0.010776847735890216
-0.07032524957362359
-0.7950865223795358
-0.941604898198717
1.029496432233843
0.13852891790078287
-0.4630189521269286
-4.870729206940318
0.012294487616403657
0.012294487616403657
0.006808687095761927
0.7907751348497304
-0.6498081869627518
1.039592615125254
0.9770906084006687
0.7602247978883268
1.0618365164997263
-10.154902150184965
-0.004936778970168632
-0.004936778970168632
0.7746765602419514
0.2555550990291518
0.182364826058044
-0.543203184050177
0.3276596272154675
0.1278409459971022
-0.8009027060815388
-1.839646536732744
0.0433130015412596
0.0433130015412596
-0.48142639154817113
-0.9693942000459184
-0.27547602552457734
0.470447512119232
-0.6200270128360645
-0.027304647919016312
0.008606393917974187
-3.1806381762719327
0.0873593359552655
0.0873593359552655
-0.45230886134804177
-0.045957843444223684
-0.749395510825811
-0.02174034076031433
0.2933274127854769
0.26915754647728135
0.9438064401021805
-3.6644884663850466
0.046893415435883434
0.046893415435883434
0.8838533731276552
-0.35114913024400807
-0.8150205440435658
-0.24984413008874254
-0.2837906590907904
0.505399168545422
-0.0467366445811581
-8.70687161184327
-0.002066371396573637
-0.002066371396573637
0.2137689718533859
0.9122232361921895
-0.6166381725739842
-0.4002248074292907
0.31377677724619574
-0.5000224753780083
-0.2927899836630198
-4.586367847136414
0.04977394269856639
0.04977394269856639
1.100098891221895
0.05201092545385919
-0.11942078984633435
0.9539275911947178
-0.497200946143602
0.6113489507688026
0.9955706701328801
-7.4250940417553
0.0010726650948411323
0.0010726650948411323
-0.2409525939227555
-0.6221550145142755
0.6274253148491111
-0.37550439659845586
-0.9323543501072883
0.9713661751195579
-0.23277881140529846
-5.223498438627048
0.07825994251834514
0.07825994251834514
1.053594752700293
-0.8786477862892518
0.9327001768759043
0.10788011533553767
-0.13221856316724542
-0.4268436186572543
0.8525848656761927
-4.639673500354581
-0.01648442154768015
-0.01648442154768015
0.14731262549992732
0.3070195992238431
0.17001665552220407
0.9175364570947186
0.06874181820950954
1.1287139892862963
0.7119623126953707
-8.160482960023682
0.036226775164354214
0.036226775164354214
0.44973009256319585
-0.01203601926051681
-0.6234733733333836
-0.8912426681453928
-0.7751578890848075
0.9177586331026721
0.6816755233006005
-4.1720198764913885
-0.17832703761170896
-0.17832703761170896
-0.3609029996625611
0.866500333773876
0.31499493246040916
0.7278424531420231
0.866598520137019
0.478596020282685
-0.5638567818297595
-4.321476411142848
0.10742514839270145
0.10742514839270145
0.6899076982436877
-0.5533683231509928
-0.4411046122761077
0.6351287745366861
0.7577428643085138
0.12267629853903832
1.008334827457765
-2.470454582413626
0.04909578244492631
0.04909578244492631
-0.1588895633159102
-0.2101644281115615
-0.6294255218331495
0.8415379632146692
-0.6154835678144837
0.28856393207183384
0.5465459354370183
-2.480222381421534
-0.059148715931050797
-0.059148715931050797
-0.9534724410182116
-0.5842337849583363
0.419092273578927
-0.12340523857968577
-0.06744706060141994
0.9052594393275015
-0.7039541812434166
-3.818926335547347
-0.012412870934109947
-0.012412870934109947
-0.08755442071752494
0.8113500765112568
-0.6440882093838631
0.9839744801264716
-0.5306342952346735
1.0776073906756738
0.6547029421774411
-4.947717954953736
0.02135012787407998
0.02135012787407998
-0.7658118106874297
-0.6890932464624502
0.8315447082018464
-0.5074569152199934
-0.042876527279539486
0.164004633175894
1.0460914841161573
-5.616844209309576
0.055892359480967435
0.055892359480967435
-0.24749328055035255
-0.4913688474266579
-0.34840959562017854
-0.902977308336109
0.8036640132759105
-0.47525058271755943
0.0003121678077079901
-10.172792184545033
-0.021035023844679805
-0.021035023844679805
0.9677611807519866
0.7281915730713455
0.2620969250703618
0.08834292107737632
1.002040992364089
-0.8906133247158785
0.14681024273480592
-4.822576219876085
0.029176643324290617
0.029176643324290617
0.22264675564628697
-0.033661824024700575
-0.619250083893482
-0.8487080351317766
0.06225730965643774
-0.56694309965301
-0.7679166826528124
-2.9143445157737045
0.04458949246611779
0.04458949246611779
0.025674042408849733
-0.22069551243046692
-0.49878264578787024
-0.35709998809025945
-0.6388536747813036
-0.7409810311808488
-0.5574000056447617
-9.011067259843953
-0.0427249709048641
-0.0427249709048641
0.7785325815114158
0.955198161633983
0.5523895577602409
-0.18845182886523756
-0.0872963377050555
0.42621934037573544
-0.4827537782786283
-5.163101953316748
-0.006157484237037918
-0.006157484237037918
-0.8633642137234371
-0.09224152665574381
0.7732224088683927
-0.6849717191396415
-0.46979831933099647
0.24364757107210627
-0.4820749788357104
-6.944063561144633
0.027593953628235503
0.027593953628235503
0.9471246738285332
0.05197350376800868
0.8151380005009813
-0.03390407325491687
-0.38036490881125234
-0.13649164403956718
0.5773552823584109
-3.7160397370713434
-0.12369842639522935
-0.12369842639522935
0.5926103440187315
0.9548527160437346
-0.1429982071666437
0.9813913793505069
-0.7791505639865475
0.18199247437209873
-0.1244192479082367
-3.3234449978131715
-0.0010137764717727802
-0.0010137764717727802
-0.4451066946944018
0.45643120673945653
0.179578142107742
-0.4413083862513741
-0.12628834547919657
-0.7705805503635664
-0.3625453290098633
-4.483910202461617
-0.010954013030321792
-0.010954013030321792
0.34393520527713517
0.19399659178880702
-0.6647420160939446
-0.1314830173167314
0.5100871323755468
-0.27326106197696437
-0.5786336667422586
-1.8264916639763127
-0.11363198688078366
-0.11363198688078366
-0.5055376614115268
0.488613815677923
0.3483511362059983
0.3327889683353473
-0.4540667909566736
-0.7482463446787864
0.0805717892433585
-3.790793002334592
-0.045446353932696394
-0.045446353932696394
0.43282200840600843
0.42187667677119667
0.13548473484969073
0.5621661361214888
-0.3845853771667747
0.584225918855465
0.20900057562560875
-3.0378360619957765
-0.02926204136689222
-0.02926204136689222
0.08043389884998933
0.33530930361157485
-0.03819595678886312
0.43289492301205706
-0.12307319032432865
0.21619472650091212
0.3238781842877228
-5.280647913895024
0.07370077710316938
0.07370077710316938
0.8427645187414547
-1.0113396304151423
-0.2589028872176346
-0.4645834536776069
0.3413111670826857
-0.8506921597117963
-0.6285912370428827
-3.373485184674092
-0.05853451038724254
-0.05853451038724254
0.42713760278939356
0.5637362918856728
-0.3129794100820746
0.8344927604803045
0.8263121390913754
-0.6393099554021068
0.4035777040844984
-2.365934734173939
0.04090532533777449
0.04090532533777449
-0.17531682656660091
-0.40875125496920856
-0.8460646191885502
0.9832799132227524
-0.8074360301308154
0.6222657423830174
0.2387106232093399
-3.065244156309696
0.05570015246564912
0.05570015246564912
0.7331625462192317
0.3427808622979441
-0.8118754880459353
0.1690274686363591
-0.688107715314225
-0.056014667077911626
0.22865411514113113
-3.887282410250703
-0.1177934296325433
-0.1177934296325433
0.174923109779481
-0.22087612600531872
0.5969883153990522
0.7670402476892116
0.5332382250952054
0.814855974698539
-0.4990750977277522
-3.1476612145168628
0.020427092302153765
0.020427092302153765
-0.22367231000050303
-0.5911684211216106
-0.8246608416315233
-0.45415171540512683
-0.15832158376864397
0.9359521174790344
-0.3056979272055741
-6.98773863965929
0.04571726838154296
0.04571726838154296
-0.355428140921343
0.0003700590580942176
-0.07997449815778916
-0.46604862008063336
1.0008368958111475
-0.8723417827457177
0.8346127037791811
-3.1162511835516624
0.011232658135228762
0.011232658135228762
-0.7686844787391366
-0.48577951148401455
-0.19717153976410334
-0.3044179035589786
-0.9654278385931805
-0.6191751637943101
-0.7067984905796061
-4.114738130494842
-0.05060272064906765
-0.05060272064906765
-0.32800981306845034
0.2520378179937216
0.7069519007621479
0.8394180371399417
0.6132872964400252
-0.11127615877568445
0.9977153766578898
-3.0334810152153158
-0.081613764887351
-0.081613764887351
-0.9302737881563106
-0.23371427118433652
0.13717483192019342
-0.04006914154124664
0.7078324603076286
0.5782191550379812
-0.8161582677827903
-2.7737727948701747
0.029809296801578157
0.029809296801578157
-0.318473854090572
0.1920283855108927
-0.6292904943420125
-0.3907859480822862
-0.39156050128168823
-0.006552563377999229
0.3385236358553601
5.134638479065027
1.3382341537346722e-05
1.3382341537346722e-05
0.7240502520526919
0.2523351342240001
0.5611711059190175
0.07155040009462936
1.2421087244623257
-0.12754938086725146
2.0211132120144795
-4.363332177010309
0.055877125881368346
0.055877125881368346
0.5027417793309162
0.08247071911231402
0.25509987513886073
0.20381956535142365
0.4459422507414904
-0.2601008047646684
1.0838784465992497
-3.345716511293596
-0.034914582476254855
-0.034914582476254855
0.06088864322056943
-0.358045101856136
-0.47156970853201036
0.967162441365655
0.7571173111097971
0.9501574431537557
-0.4861666813021253
-1.9655192052332129
0.020321360202737976
0.020321360202737976
-0.66707155165548
-0.700376621044639
0.37464231539138765
-0.08053020284983077
-0.8521036749211034
0.5890995577046814
0.22886798388109955
-1.497483374821926
0.036425485471010266
0.036425485471010266
-0.6763113581095043
-0.8954807075506755
-0.8636348218748144
0.22576045752549243
0.7051314952774098
-0.5522898978821996
-0.33442322240815764
-4.284910206305311
-0.13722894529161025
-0.13722894529161025
-0.1332490348232019
0.7358071266211792
0.5045072792772624
0.7237795944273805
0.2749718553735056
0.858612704884085
-0.18213903007000257
-5.896077823457511
-0.03698330837212242
-0.03698330837212242
0.9707272647343534
0.9586828900728679
0.5492094384433225
0.6006862763809998
0.06334555045905033
0.45979620729861925
0.5239897437073247
-2.9762800221482135
-0.06677849818537876
-0.06677849818537876
-0.7624996174631793
0.8316901368672548
0.8640910070091831
0.10853447206448878
-0.5737538931979002
0.009919586528165096
0.8976833682252388
-4.124312154564097
-0.10388172598029766
-0.10388172598029766
0.9422848687008138
0.8610211362037923
-0.3212924719028075
0.7665746435904378
0.3006126192244597
-0.8793126878690578
-0.38521253572368325
-9.346056826381487
0.007191581930824498
0.007191581930824498
0.5524456883499675
-0.6610306273383435
0.518915790934507
-0.23819479943578428
0.9611297319243779
-0.8408080519690724
-0.5429079872232923
-5.9372158751563235
0.018258112882658883
0.018258112882658883
0.14540532545208926
-0.9657110451725573
0.40811219356755823
-0.4914926232919512
-0.7266579935721916
0.34028238277455014
-0.10418452120391071
-4.75806253426346
-0.03235140982232261
-0.03235140982232261
-0.21117240494807707
0.08092335491169708
0.9094698500268011
-0.2438081813699194
-0.5798322516692929
0.07973042844797469
-0.6397306708766438
-6.557323042451089
-0.016355285885660306
-0.016355285885660306
-0.206240227058526
0.20686269117430672
0.2909562050472469
-0.5097663637746879
0.4049101567286026
-0.9006350759982232
-0.4873117869862018
-4.483637814170933
0.03694386898437618
0.03694386898437618
0.9096348010186935
0.6428515365143508
-0.6089636238213141
0.18620452699901868
0.21997125574698548
-0.9001517735079547
0.5268674081013386
-4.910078444084621
-0.01133657185149941
-0.01133657185149941
0.3175416947035271
-0.5862648940411649
0.8311218086142134
0.6703337063208336
1.0344527989053256
-0.6405826174206243
0.6271054267416517
-4.963190701862754
-0.027240395469091277
-0.027240395469091277
0.9107383347269978
-0.05615898354450028
1.0002384634719002
1.0078183578192996
-0.19343003032158135
-0.0441993381892573
1.0080351446912699
-8.37694432822574
0.015284475885222824
0.015284475885222824
0.5802451670705109
0.33324639742407064
0.06947490157264011
-0.5059095192213491
-0.0066215378701186085
0.4555600642479546
0.26414958910223274
-1.8638250681761255
-0.05214619395533125
-0.05214619395533125
0.24006282243958613
0.1027518172903917
-0.534879407533856
0.5933767368395203
1.0361953195365043
-0.8257165322139208
-0.2283201877193852
-9.467075313612963
-0.04472734050174054
-0.04472734050174054
0.628813148425627
0.33307468489479397
0.3606341274638886
-0.09331001893248264
0.7880583922841817
0.8156612000134583
-0.20413035376781524
-3.5825114342265554
-0.020904935628604147
-0.020904935628604147
0.8912706259916463
-0.687647216993875
0.6146937727979546
0.4792150902533398
-0.2290192634957154
0.12887368562469642
-0.10389947273302069
-4.459741018651016
-0.0029416946712860137
-0.0029416946712860137
-0.5900398656122391
-0.6239741690209819
-0.14282588864346255
-0.3949520620224987
0.9653412561205504
0.41334908599773246
-0.19087768366990657
-8.0900005060736
0.025985025801099126
0.025985025801099126
0.4469050538986343
0.8724894329065924
0.16666277114641978
-0.3040772483083953
0.09494215492986302
-0.5905996596439844
1.0382740403423003
-3.7458698174697496
0.06346366105021775
0.06346366105021775
1.0520702088968772
-0.8335214396632212
-0.8947722111556112
0.776612063709633
0.6690161186536557
0.7071016782838271
-0.02274022526029579
-9.88245352836587
0.01306098142416592
0.01306098142416592
0.49807956796612113
0.2781579963166052
0.8336770713849361
-0.17612034620855885
-0.9129279653932888
0.48788242709993956
0.6660952349333177
-3.7459255305430377
-0.04688041929566369
-0.04688041929566369
-0.5467374243486668
0.3576298489526869
0.6825566937312718
0.7727999370568546
0.02380561813356421
0.13407228595140563
1.1550528528335784
-2.8837860916185294
0.021251311649693926
0.021251311649693926
-0.7461148139949969
-0.6027389134399244
-0.5242268761975326
0.5622154044556709
0.38419290830322284
0.8686106866381904
0.4474102448461063
-7.4823845784009615
0.005709554478227339
0.005709554478227339
0.267434805277906
-0.1362704739291272
0.6040908745295606
0.14005211796630093
0.7558277115847651
-0.18400444342551
0.5461847633187102
-2.4382291664230133
0.07537606549861656
0.07537606549861656
0.5363715410978263
-0.5144832265568802
-0.5294578739596587
0.584709547466135
-0.8050313683516928
-0.48551068308496675
0.4516201105960333
-4.123965876785854
-0.06373211512810606
-0.06373211512810606
-0.3343904416795177
0.8624064381140644
-0.4486028360365018
0.19220585110469562
0.6538315491393782
0.3253658688587965
0.0674074061093147
-3.9945018337875653
0.0371141299872204
0.0371141299872204
0.8853721442923903
-0.4385363646802536
-0.3152756856005984
-0.41333075122930996
-0.12616086820902792
-0.8040376883304435
-0.821336412929794
-9.849781215641192
0.018735500996378454
0.018735500996378454
0.6900627752870936
0.7462736400502606
0.14678437375821088
-0.735376709079835
0.31565187383891563
-0.42477263482210864
-0.39101612646569833
-3.2910547743809335
-0.04888534281243902
-0.04888534281243902
0.7311020774406456
0.09375094975104852
0.17805770641070406
0.7436080035309262
-0.7115492567286112
0.18152563084722778
-0.006074441825126965
-2.626253412517554
0.029332514796722546
0.029332514796722546
0.34925048920242696
-0.8959797106460601
0.05815731735028587
0.7702224262796888
0.1325692741510584
-0.48448277209887824
0.31433301721765156
-3.031719636938796
-0.003259753686848451
-0.003259753686848451
-0.760711605665828
0.37471372765856925
-0.6731140247676104
-0.8032285624920069
-0.7805232123415834
-0.14137837467858036
-0.7156400667474787
-5.244905350303454
-0.07291301574669612
-0.07291301574669612
-0.188304785649294
0.2190970100333306
0.6419630385701421
0.40890719264215436
1.0282092633724194
0.7540866566336221
0.16076471013641375
-5.173775777225964
0.052190964766136994
0.052190964766136994
0.11173985670348405
-0.6017301850253495
-0.6119810777174701
-0.9821358485189348
0.6449497141803728
-0.4578575928382505
-0.4285350762927847
-9.814060062515695
0.017902849188402854
0.017902849188402854
0.3454211201710902
0.3892681362179319
0.10876885947023757
-0.3863234574151139
0.27220732668648173
0.4467236056032418
1.0553185735050021
-5.581059532376576
0.05976072704194809
0.05976072704194809
-0.11391132280146202
0.21710750938499343
0.4433157752177301
-0.37694059134763286
-0.3435078866832606
-0.7906160586716134
0.9114924734524
-2.800346231273364
0.10539050885331458
0.10539050885331458
0.9272110652138704
-1.0160660302244071
0.1399406358946108
0.09295355216943368
-0.8588270233501155
-0.8403912160806897
0.3136106842244683
-8.908047159210339
-0.03721492932282275
-0.03721492932282275
-0.2795610143135199
0.7168802679998719
0.45859146810890644
-0.20663582510472972
0.9258736555863774
0.12723921370156027
0.12696041018133752
-4.4694632854972065
0.05269469223899708
0.05269469223899708
0.8141543578043174
-0.9588598660527119
-0.44328004472974075
-0.029202751975488904
-0.6582015167547336
0.7205091654326465
0.2303990140761435
-4.104650040495869
-0.07565016125795909
-0.07565016125795909
0.2610856431338566
0.18606697748891549
0.8598289732140173
0.8986228920998754
-0.28289706164118783
-0.2908461916177038
0.7856912081939493
-2.24811896187029
-0.006626668833272167
-0.006626668833272167
0.48935608410445125
-0.8759699697029519
0.8816362536347301
0.4293975812431195
-0.9551144647699892
-0.5482740318208268
-0.26080284082591554
-4.586251702363976
0.08476644539567835
0.08476644539567835
-0.1474427984810234
-0.7365890308893128
-0.6680243647282884
-0.8085807710243513
0.9152451822942758
-0.8373385878517359
1.02350273592599
-4.105133836244447
0.025615121824300188
0.025615121824300188
-0.8725071097539897
-0.1579014902474451
-0.5618916224979622
-0.7843092140768205
-0.6777712998460635
-0.9111060200959293
-0.8166254955388128
-3.859287457483882
-0.020516497945870366
-0.020516497945870366
-0.07835762626646281
0.542274803797711
-0.04858224608962484
1.0848076508348963
-0.27883184223985746
0.4292776890234629
1.0369110088996618
-6.975656215542744
0.05386575763060465
0.05386575763060465
-0.5099479726322157
0.455493738329492
-0.6316195590555702
-0.9681150565334367
0.9293140605035827
-0.8012618750459956
1.009597040010986
-3.4591253227372767
-0.005752294434418731
-0.005752294434418731
-0.1087472575238388
0.6637136719182051
-0.799510978580071
0.8423944434158481
0.509225976848498
0.5355168693025331
0.3981341767035723
-1.0615285262551852
-0.08347240227260777
-0.08347240227260777
-0.10195931810336965
0.4302396825430939
-0.9161320578334335
0.6943826502758121
0.549700688320352
-0.058728843879252646
-0.7304205865464215
6.979128400151344
4.8838494316876705e-06
4.8838494316876705e-06
0.18388244405753632
-0.9091135127166797
0.8046026589671262
1.0027175819058434
0.2399674336961651
0.7926905279164236
2.01536964183117
-8.744688971039228
-0.0032598212852977325
-0.0032598212852977325
0.4477104534000717
0.20225451711335848
-0.02765701509918307
-0.6650246870324952
0.3235876337028688
0.9803726221699997
-0.010634792652145456
-5.39599673804668
0.027427913095027685
0.027427913095027685
0.15923759971678345
-0.6070369931768728
-0.43964704816166245
-0.7770566158673288
-0.7472581197273566
-0.5801278039334322
-0.09229309400101568
-4.024181415817605
0.007264847697008796
0.007264847697008796
-0.44878672072400155
-0.049410176288153286
-0.9536996764091814
-0.2582318627810728
-0.3759460856490682
-0.02864623016086051
-0.2092691596724465
-3.5391911729609227
0.09738455342229013
0.09738455342229013
0.8222002708445446
-0.8826149793567528
-0.09001096109220665
0.06300936415529837
-0.3534381617478464
-0.38582588927151784
0.5861645332437715
-4.570316602000785
0.017355756528239764
0.017355756528239764
-0.3308040689433942
0.5146863201149422
-0.37377459084866155
-0.7526144921531731
-0.5819640980315958
-0.3827179121022416
-0.316125605119372
-2.4916720812250976
-0.013376117135009536
-0.013376117135009536
-0.22490904760646846
-0.31184700405937904
0.5318960238010042
0.4478140977924587
-0.029744473767529037
-0.4525824186026699
0.6602758813320834
-5.260106833534058
0.06666304692268232
0.06666304692268232
0.37021326109214775
-0.20425694771057604
-0.2543374577942999
-0.698798238273346
-0.2033523285691379
-0.8475749338935245
-0.09509798833311338
-6.508991006561969
0.02952534558308054
0.02952534558308054
0.023758176848040165
-0.6901092929798797
0.8282031031892516
0.27405137786554007
-0.7936024628244703
0.0435771420668498
0.6597342343480381
-3.3833514915849348
-0.0794395132892501
-0.0794395132892501
0.7321908928084102
-0.6561123576573246
0.02411097002330319
1.0466781534805851
1.0171875532870496
0.12585181472926504
-0.702045204761247
-5.830422385316749
-0.00908492279632653
-0.00908492279632653
0.9705047118504342
-0.2810614991395218
0.8650613422680931
0.9262043880392002
1.0093910984471588
0.2357701202899825
0.7870282283052001
-1.0981692561244694
-0.01772846807788278
-0.01772846807788278
-0.2639177248996335
0.33072200066268304
-0.666008004871267
0.1767380659469813
0.18412729449486478
-0.6270568934198226
-0.14220583618273275
-3.9495735746933374
-0.11859335204068736
-0.11859335204068736
0.43146684349661574
0.027496730265663284
0.8200595807632104
0.9395170146760502
-0.2533609929589728
-0.12554106028828466
0.1645273536597889
-2.7224727571930627
-0.06639164245797234
-0.06639164245797234
0.0034174056675808553
0.919792343846692
-0.5781739129968086
0.5531407542945229
-0.8270065079884074
0.3269880156685923
0.09381050342489737
-0.6291442774455671
-0.13125900997378426
-0.13125900997378426
-0.8560284593173361
0.4889828296928279
0.04225018114418679
0.06328599051253517
-0.5410088103329801
-0.8454169621500313
-0.9327497416641686
-2.5554326030194194
-0.1133664737784062
-0.1133664737784062
-0.033481835883145294
0.04927898492599346
0.7315839330168334
0.3051002749820786
-0.6184562701017008
-0.3974724110962288
-0.5780124011787827
-7.685978393432461
0.04217202824964528
0.04217202824964528
0.11903944399856527
0.7565127088247621
-0.8736161941495815
-0.45210690811466686
1.0683613472499796
0.008779247449088852
0.7441075885517254
-4.9180581528214855
0.016063797172792764
0.016063797172792764
-0.33709231809373513
-0.2923148830092645
0.2572782097207018
-0.2572602161734585
-0.4887170503069712
0.28668496005900984
0.28324579865934313
-4.339085458040461
-0.053397442827895505
-0.053397442827895505
-0.9392095395754921
0.45984131039075204
0.769238956610236
-0.3990449413211675
-0.0912680410901591
-0.4365524251939197
-0.5165769148228827
-3.6099429861840777
0.04377697123925292
0.04377697123925292
0.5243260654101303
-0.4135062189547493
-0.8152368458628217
0.30774551991927007
-0.7867515275353407
-0.17778491312237554
0.5247724416995219
-7.03933932959567
0.03121425499812719
0.03121425499812719
0.9376615861969971
-0.9385375189926987
-0.05842549157453587
-0.9550533126288615
0.8250906031760363
0.512152531704621
-0.5974608197352138
-3.0774511905226385
-0.06662199778262919
-0.06662199778262919
-0.5600778153310264
-0.46242948067253303
-0.09388155493123705
0.8784214600863649
0.44603989420960377
1.0922030549645496
-0.35427517560212657
-6.41054738780956
-0.01542923573204303
-0.01542923573204303
-0.880984121487348
0.6282675288617221
0.6485651915756832
-0.649942215911912
0.06487389423090517
-0.9169318947866116
-0.20041113993062581
-1.967720907993553
-0.030180249867007743
-0.030180249867007743
-0.6451596764301936
0.38620099416819365
-0.1267838394891631
-0.010871207263190087
0.352400262129738
-0.1353897552068577
0.0711451271936182
-3.980564040498484
-0.002579819689554636
-0.002579819689554636
0.550914191150286
-0.7213854914709924
-0.05445552813150754
0.3717535944526429
0.6182166943890602
0.8634771999220151
-0.2102005511299068
-3.2184845795801498
0.0426342912682927
0.0426342912682927
0.22344339000267355
-0.20855867601767838
-0.7491345420318617
0.07075178558462723
0.3226504999276356
0.398258217273831
0.037289985331608676
-2.22066526732939
0.05509242606597042
0.05509242606597042
-0.10274327784929481
-0.6825174122688319
-0.7343000832931131
0.21585493876236547
-0.5162603827845031
0.8595461240515339
-0.039112318361713146
-1.862635795703605
-0.047361704944516705
-0.047361704944516705
0.5445112510165055
-0.024691772266034195
-0.7918577262455102
0.9123654178079981
0.19627359616403728
-0.7497155249100412
-0.1873719698846208
-5.408702942850275
-0.07680688324193609
-0.07680688324193609
0.4438684230960567
0.529195105870737
0.16901057657308705
0.46202370917436386
1.065588025730853
-0.5915453749790245
0.004714369871960978
-3.5355173140452534
-0.012037159191563455
-0.012037159191563455
0.6457967695275717
-0.12026570226201609
-0.6703845220284484
0.897788163575912
0.03207366142074758
1.0711563025548836
-0.24368977211868745
-6.4534176292394445
-0.005996204734631378
-0.005996204734631378
0.48299652243877694
-0.2517696680786994
0.03187854792039199
-0.14831651869666815
0.7879155365062981
0.5541085990952149
-0.49285594465038357
-6.193463608524833
0.04904358659465606
0.04904358659465606
-0.16676926646307424
-0.8305597370716061
0.27478069001395666
-0.7678129626819898
0.9265110726388096
-0.525958889610394
0.6848901986508265
-3.32387331513909
0.03128618863057409
0.03128618863057409
-0.5484963364906977
-0.862036492363519
-0.26883214814908296
-0.7260630614966119
0.6665062741776429
-0.00026658286089424447
0.45744242003149865
-7.551398098112142
-0.02433107989702024
-0.02433107989702024
0.0024315016509317286
-0.3669810559948652
0.7546094114978042
-0.539785608053315
0.6616655272756179
0.9240704698656679
-0.195682563559269
-4.336250609200323
-0.06291130629846686
-0.06291130629846686
1.0028008413284613
0.44042928699819517
-0.19271781021025128
0.41648932097068403
-0.04931477154540418
0.16798702502056115
-0.732982237769351
-5.175555526252847
0.022477152933252226
0.022477152933252226
-0.22086469538373843
-0.31029795289124207
-0.3568964579645969
-0.41999091165042873
0.9322061163703015
-0.48868479143985494
-0.35097556006881286
-5.116950176457306
0.04071539320581461
0.04071539320581461
0.090542781994695
-0.34166939351894593
0.8967407902483597
-0.1269795217419404
0.23129124301235132
-0.5840026421913339
0.8808682393247593
-5.340485175164275
0.014515820477522503
0.014515820477522503
-0.3140343724150628
-0.6325112492378029
-0.9075036660405233
-0.562171922250077
-0.4661113132117717
0.38649186075661723
-0.10598068765159545
-5.976109233989384
0.028155857126093878
0.028155857126093878
0.2320276469487377
0.1286110329113609
0.7921766424217174
0.00010447524316710728
-0.9109184665917537
-0.3992342347884395
0.8597322695967737
-3.649177265584263
0.022856461649448878
0.022856461649448878
0.17336779848959905
-0.9648688231527477
0.6366818857425783
0.06800476901372828
-0.9776203247345618
-0.8606748626704814
-0.8762347463377461
-4.07390108947563
-0.09064699914598057
-0.09064699914598057
0.33650865008152553
0.09979965451504842
0.8949372572841511
0.685032039320812
-0.014680395348699192
-0.1131754161255121
0.12473372905062591
-2.61496102354694
0.0021647941882618404
0.0021647941882618404
-0.14555751828231736
-0.8374232391123978
-0.904437363248275
-0.789798862652958
-0.08606026541165446
0.20503870683954842
-0.9020594536750342
-2.8968495524748192
-0.0015237116426543283
-0.0015237116426543283
-0.6283880950215469
-0.9279989072045287
0.7305561904506385
0.2319075171184252
-0.7063108460894545
0.7542899495072547
0.585899309257843
-5.626473828239201
-0.11095176457395574
-0.11095176457395574
0.6154095690848945
0.45917848204433787
0.9639036134051591
0.8953199135383147
1.091097318719675
-0.44135824675042495
0.18706144177430944
-4.541323058028068
-0.029435519949874915
-0.029435519949874915
0.7608231869646789
-0.29613174328019487
0.0373517970958974
0.2365427138407297
0.6461496802982393
0.8867027668581953
-0.6991604634788324
-6.739666603713108
-0.0010631331655964415
-0.0010631331655964415
0.44350974770095364
-0.05400098975230935
-0.17441547590594914
-0.3667731489596337
0.42024286824801327
0.6586044583586134
-0.3029421772563048
-3.6227293457503547
0.01735230596586831
0.01735230596586831
-0.12028890692892366
0.3216599815976442
-0.6360366796492112
0.5507483772111169
0.8900968562918646
0.5507984663859307
0.319270153656289
5.56085395599993
3.1545029526860007e-06
3.1545029526860007e-06
1.4359663823028
-0.8056012713241338
0.6651678585296202
0.8640664466577169
1.2396663231781007
1.37293118426896
1.7057028523256437
-1.0151039809572193
0.08654313860346127
0.08654313860346127
-0.8901945762445548
-0.19491801392749583
-0.9643500058246298
0.5685136858142885
-0.8655841953422901
-0.8532968587066888
0.8089539610132602
-3.4313038850803013
0.05547541876511954
0.05547541876511954
-0.2784679091641326
-0.4069501949802134
-0.7870122113286159
-0.9295753613244994
-0.3233586644404226
0.1153592334378961
0.060131481708845774
-5.6528332355496325
0.022865219692476697
0.022865219692476697
0.7728457798253809
-0.1713444409889809
-0.4891990894139209
-0.524310259460335
-0.35261976395783884
0.09289892183239107
-0.6246007310277244
-3.158704577604027
-0.17688813804096454
-0.17688813804096454
-0.6252577494759151
0.36954457078589253
0.800185419040858
0.9464624015748044
0.8254914613361518
-0.7285289962615383
0.10747027879947557
-2.712121689044642
0.05019887839352039
0.05019887839352039
-0.46919305507009224
-0.9167381174717195
-0.6390216137863669
-0.7641619063706933
-0.06899619473572682
-0.3716183924133725
0.91607676244472
4.845334235003328
6.6535784928682634e-06
6.6535784928682634e-06
1.3335401543973244
0.1353041765959133
0.3465224162800601
0.654276993807748
1.2076188330914222
0.19100563708541227
1.9957883185111558
-2.2950107293651905
0.01387786101015044
0.01387786101015044
-0.5683587333840342
-0.8811006873797764
-0.35288862583002856
-0.1954315526880688
-0.12645555000769337
0.8844852208470138
-0.05916085735095199
-2.5995597646264086
-0.006517598634082316
-0.006517598634082316
0.41475897137859735
-0.9162726327015769
-0.729800128353906
0.9171765025712356
0.6578753565315039
0.37494356930309547
-0.6393778589310423
-2.3361799717709
0.008133481911704854
0.008133481911704854
-0.30874449977773133
-0.5930407702075299
0.6011472914995338
0.9703525448924344
-0.7667254709291311
-0.04120104716815121
0.9269601772892103
-2.5815118126108354
-5.164582558694054e-05
-5.164582558694054e-05
-6.478233192911548
-0.7232547756186533
-0.7241867803229796
-5.4206334342772164
-5.584574594159787
7.036611313325619
2.0268822796330026
0.912590887363196
-5.571628443315092
-4.377498158143807
-3.3919924269161603
-1.8357002394564397
-4.999389631942205
-2.732613827696115
-6.528644888642589
0.015142180716617264
2.9682615776194847
2.6123007854200915
-3.8549592835197974
-0.49081756888658357
1.303672913591678
-9.88955402726424
0.37654173419557757
0.8016346317816871
-8.007473015275577
-1.1261045112599013
-4.711398383000515
-6.563952530481336
-1.4354683174720198
-1.7064710013085742
-2.6142437317024227
-4.624684597451977
-3.485518707623173
1.6347169326332598
-5.645997075404037
4.616953287971745
-0.8336659979381374
-3.9734063538041884
2.345372332443556
-1.198510270688804
0.6896948133906768
-4.702879586152497
1.482627654530406
0.4758709972280908
2.1482655814101648
-4.350359962122025
0.3376248508607351
2.4715043612626406
7.19234381074478
-6.568527157640773
-7.788867627964319
-5.005874559120284
-6.953801511801273
-2.9628878707478172
-1.2192826792833382
-3.066759655839962
-3.131455337030522
-4.161826308610482
-3.0296999659014507
-6.148844540450166
-4.310275386471062
-1.1313587868303183
-6.257181063584605
-0.9325259531305847
2.504340565415886
-5.676737162029099
1.740030893240141
-5.174541832275276
-4.130206457636638
3.9466475766945983
-4.481022803254477
3.0720646643056413
-3.697044821688529
0.21757777386086205
-6.625426799460753
-2.8027752431901938
2.534900914566615
0.4760768295728224
-5.219133560528968
1.2036398671585098
-5.955448793646679
-3.074325347812793
2.5873508199031656
-5.516812854176973
-0.29893000217408805
-5.697361040381679
1.17229418414875
3.319361683517402
-0.8426047484190843
-4.8399881215080525
-1.0457903195875216
-3.655263403845352
-0.5027230123969115
2.552190183592778
-4.192348924368041
-1.9800705283789992
-0.7008276089657164
2.0780436422222173
-1.0716837815326963
0.14404381618221468
-0.8386636789666401
-3.495008816926502
-1.5750177428757317
-6.416436878935736
0.9880192246952929
-5.048336182100342
-3.970149773718629
0.517865389628636
-2.4272890451142515
-4.255069894971305
-1.0453570181023255
-2.4681349815532108
-0.47186995649864544
-1.6406075509614513
1.272650619596002
-4.299962879738317
-0.3912769674787108
0.3034480507133677
1.7587859459541062
4.806802671802446
-0.5165950995562067
-7.198878702253344
-1.1719461869519865
-3.011467445714039
0.17280969191029827
2.7987872648217396
-2.854193309145671
-5.323749409661241
0.5078062924904755
-2.552680312708222
-1.1850015045605717
-3.5200320139820946
-1.086881282900687
-5.312390272675536
2.3612858098596075
0.0712108520909695
-9.073995372541056
-2.7724420458160512
-2.1490455870350393
-2.075273873289551
2.382235581761651
6.369920118384557
2.476108014564928
-1.0371629405655602
-5.1871731905791965
2.112023527462321
1.0043421316595167
3.5056147394544976
4.221421823344426
0.4845297353815361
4.312010372243419
-6.1024672550538445e-05
-6.1024672550538445e-05
2.576344621118313
0.9169510530217648
2.9505250934890572
-3.0658191689745276
3.5305070001360117
-6.460200986392868
-1.3881603305148944
0.5975965561369639
5.385290792962398
-1.4744081241308962
0.3540322029482408
-1.4532776871313584
-4.013211046857488
1.0805263560055056
-2.882884573543868
-3.920515539289563
-4.140850327109902
-4.178200526485819
-1.1857275102829012
-0.7427799502921608
1.1443102201253135
3.684475664871686
3.774051837692823
1.1302826170932763
3.352945689592153
0.5364274580117693
1.108945131747392
1.262436511381718
2.244153111275474
2.4123482208510794
-1.0658442941058084
-0.036744239694733664
-0.9399087958649571
0.8749962522259217
-1.340259884039754
-5.396523506864971
4.105783423586116
-5.867062784696168
0.3876078134858744
0.8062816236498761
-0.39129849493069174
-6.142870900548248
-4.0019178441055105
1.357301315766847
1.0922980464513918
-0.564309890173453
-6.914423201033546
-3.4147734334942705
-6.058182504799405
-2.874918454377176
0.9697008462342354
-0.5598941625481527
2.433005177512715
0.20269141226883872
-0.22521727250234044
0.5114521331100874
2.7284630771990166
4.374298546296095
-6.242681989406602
-4.0190754816115435
2.065831248767011
-1.822106791414931
1.0398475499565962
-2.762041477684375
-1.9735485516145175
4.076435855861515
-3.676844645519996
1.4771037305078247
-5.596582742891508
-6.869506305150026
-1.1873688976810217
-1.0709187807542777
0.8704906391418888
2.211822196580934
4.702014632538995
-0.48367263418382445
-6.315648723182659
0.7877669511114714
-3.4780595473767737
2.4886067312183515
2.7527908526591247
1.8242337100938841
-0.850303291001052
1.501911326107663
-1.029169078871224
-3.9005993727874264
-3.833829519321288
0.44759470944966107
1.1384082328246525
-3.7273416817826126
3.6341789791273937
-2.054441707357569
-1.4049650122831436
2.057390265042204
1.6710141903440365
0.7010710784805625
0.553677871741172
-0.8820834507203067
2.850755638326938
-5.137050588623998
3.022143491412902
-2.4047531501661235
-6.933669381014469
-4.997255530560785
0.7446395580500247
-4.189092477502735
2.708994397503615
0.21832245869760758
-1.4684827096504416
3.5397648249969444
-0.41364520238428665
0.5170679648822996
-0.5548083505984515
1.3857798053347774
-8.057846226297235
2.857049537610829
-1.1317581385671645
-3.125813818453666
-0.5916283972024237
-3.1727888479278725
-1.292673939257919
-0.02996317245258143
-2.7293293050996317
0.12386709084250691
0.7818173870429896
-0.7744783708707951
-0.06753599658534432
2.0993024253858046
0.2881597272569248
-1.5768324422510895
-0.05961780700184666
0.7099478733858502
-0.5510922509823587
-3.4271622792801657
0.5253236235227057
-3.9805966702745383
-2.8145378664438985
-1.3799659401265916
1.7752889810778911
-2.980736722047432
1.7906322514426265
-3.931370608439635
1.379697822149234
1.059771389905248
-7.418611531841133
-0.4774639852149723
1.2812306372563598
-2.907079615772393
-6.652742880389539
-7.393945353576487
3.412721210354778
-7.260031425674045e-05
-7.260031425674045e-05
-0.049814461444361365
0.9580318352238161
0.5645046815820106
-3.686316812877792
-0.2291010889406973
-0.32257976075792383
0.36810672147622703
-1.1826498048109975
0.843189590649897
-6.100588234725528
0.8132730757672156
-2.0105760937946306
-4.011062501269233
0.7929333219960485
-1.6851812709797394
-4.357572157846677
-1.7723851642519732
2.2693238966754365
-2.23089387407762
2.4160055218629175
2.3360943536378995
-2.0452717982339883
1.2254460843124309
0.43609228259843563
-1.1174914105970628
1.1465278641683936
-1.498944863152444
-4.151632568241259
1.734163288242975
-0.007204005617604238
0.9364333631934065
-2.6947699521420376
-1.6727080505471612
-0.39628052623212323
-4.722812865634535
-2.2498015624094245
-1.579488259572518
-3.7442597044779045
0.37432660699423703
2.3065170281336136
0.43576527575883267
-2.1395459218837845
1.8748891826426506
0.269970929342323
0.5571383169798875
-2.312994503425228
-4.2400155533809745
1.3417992798693037
0.0591084736545531
-2.4151999453254374
-3.6802583167906593
1.5316946304740315
-4.0912798124398115
0.15803020226315065
1.034224145011519
0.9167893984793605
1.6754580555511003
-1.9730313973921927
-3.5502260458388273
-5.709514301467602
0.14757787274613096
-3.428307274064222
-1.6658091212788235
-3.9509220400039173
1.188185250389633
-0.01650793061949522
-5.705912619753461
-0.3458590140319258
-1.2203077413115497
-0.49271452008398453
-1.139404109500094
-2.7093081379447423
-0.3670588755339981
-0.033916700894336106
-0.3518394000027191
-3.266528683178962
-4.183976509551198
1.5968043325053694
-1.6893208805434534
1.0558623093645
-0.3938737731547132
0.7529337636996564
-1.99698300770207
0.3144519075291407
-0.7077444459416341
-3.7624925205929345
-1.8102292176348505
1.5077773304235453
1.422647326810995
-2.905776440911346
2.021362835398232
-2.6311262712846073
-1.587854294989327
0.8223970604350666
-0.001115042570060423
1.1453264315046436
0.41255945638914393
-1.900350051872082
1.3137267808118473
-1.5144713579200157
0.5938127031976346
0.5554671072189811
-6.6636780163000155
-5.473291482703314
1.1673197741787744
-4.255489996657383
-0.3869767736622004
3.5479383902287336
-0.5789738999723233
-0.0461498578301146
0.7170569828987147
2.7006675019585384
-0.017630717880702355
-0.23222959046358033
-1.8879790115133903
3.774424789431021
1.8615516775857028
-2.7895174555465956
-1.0688780078964346
-0.6946832440504255
-4.861453921230064
-2.729234232998317
-5.137485446314414
-0.42995472608888774
1.3386525659657413
0.7871903955686145
0.1387504535476492
-3.5159479635003676
1.8103347751498482
0.01772346808878493
0.8092672733993912
0.14367831253710062
0.4360259021744524
-3.3420916634855224
0.06204794653766802
0.7562896380121565
-4.603016540347895
-2.9596660781624435
-0.4961970926234309
-2.393850669300966
1.3740205879073486
0.9455152277414132
1.2727824567635697
-0.7224364612773503
-2.2320232147230272
-0.5893291762423344
1.7319845955596687
0.5602354324189225
-4.84665457189396
-2.51060193533108
0.6149694656270615
-0.00041365819452057165
-0.00041365819452057165
0.7291317569053659
0.37927476938999166
-1.1479286810106684
-3.7589098800751413
0.6243924809662412
-0.9566163497836642
-1.9272861126118304
1.0849091556934412
-0.3180768600626596
0.024148487384736846
0.4629231768391604
2.7724942194568256
-3.11182319092555
-0.149774067292751
-3.943212565986435
1.1717637781570893
-0.5823759087650688
-2.030875909528311
-2.911249882105158
-1.1863125015476674
-0.776701738392573
1.085492917830759
0.07694112893623378
0.7500549669330184
-0.03483345123894569
-0.6312601764637437
1.2415817859227543
-1.7771994796064705
-1.1965994860487008
1.1185951463283217
-2.8030556610673574
-1.083370072527798
-1.0820397580483023
3.5290381240703104
-1.4286753258617997
-0.6700364263682548
1.703081237697785
-1.5929600858662225
-0.5528273119310343
-0.6458283477364731
-0.40529200890248784
-3.873433985669116
-2.6647499234739813
-0.4968233419672696
0.595271061182659
-0.0836992874393001
-1.6018858492866808
-1.5600117259949822
-1.1039871714258669
-3.523041445371709
-1.4193630458342803
-4.729175000367619
0.8057265979200382
2.0837726497343056
0.5423654664385371
-0.1895512636432152
0.10242318267212065
1.615802281536762
0.2469792191043427
-1.22099064524996
-0.6160027658393927
-0.3417746867327008
-0.44008561192003776
1.8564510580844737
-1.6073913261599422
-0.5158382881192073
2.593046832846617
0.39648841476309243
-4.475319887777699
-2.8940124209499984
0.3213410399735023
2.793140994133716
-2.1723204472765403
2.233823657396866
0.7360669933847853
0.5629712995681478
1.5023068728094393
-0.2088039187532225
-2.925220055017817
-0.31232506039181024
-0.9995536979435843
-0.6491472485223289
3.601058356174618
-2.0028364581092544
1.1748119616201673
-2.227013151825328
1.8738340726791525
-0.6607882170910326
-0.8990208719994561
-3.183076425853254
-2.105721553647568
-2.5379718306723618
-0.95957720474475
-0.16328419915831796
0.5698219521317609
0.46628130170113846
0.5158667169450746
2.4516356815349636
-0.5500891974271457
-1.7400288142494473
0.5581130095382447
0.7272954593832514
0.6422482445910682
0.04964407064749182
-0.37709739320164976
-1.1289125332945622
-1.0513428973372068
-2.383509111403057
-0.7490024075225244
-1.1347908745563942
-0.6272899381732169
-2.1584969532260776
0.5917312696046139
1.1095046869968648
-2.798976098500084
-1.6162346246079327
-2.980150490966656
0.9208425961423494
0.22019333955988085
-0.3977831419986325
1.8708869899548966
-0.11292121926927508
0.5583853726155318
0.4929524276993591
-0.31402697165065446
-1.3418845767100733
-0.827293791926979
1.3296594446065102
0.22399901515795312
0.14876178447613933
0.8194998331991842
0.3800273420311333
1.0722756447863633
-1.3535750218764708
0.37641301928304993
-0.6382892948769918
-1.6972536092306016
1.2295949912825663
0.127193308825712
-2.7161067398584877
1.1060722240169167
-1.7833001037670346
-1.3043220347635036
1.2782909886559477
-5.309017674842632
-0.3526447581976594
1.03740647181303
-1.410507983253017
1.423502609889355
-1.7373971602977993
3.9470552297053265
-4.681976094944443e-06
-4.681976094944443e-06
-3.4219006904875533
1.8309171803648008
1.3088064585696317
-4.892048750640259
-3.6350286183139366
6.539622480574868
4.467598489647139
-0.23118782029161594
-2.997408192659387
-10.017363033621843
1.2570175752706225
-3.3409797497152915
-6.592473528494755
0.10875359131175116
-5.561300831383802
-1.3042435045428085
0.7873176586212125
6.404377301353052
-6.261223409922358
2.8321716000167574
4.4538348169458555
-7.750656517463685
1.4437381436785595
1.8305773686638602
-5.066500192421389
2.0433967862007565
-3.978522135478556
-11.307329638896608
0.905957306192197
-0.44400906091911435
-4.807447606813522
-7.675050654745655
-5.518310146355088
2.134254998512293
-8.771226961022025
1.7817474745929398
-3.6286817762040813
-5.272395498467248
3.368351697413674
3.141732435894112
1.868015167655903
-4.105712986759791
5.304258122283401
2.873272007004272
1.6756650907649275
-4.632897051422389
-0.5772649677155395
3.945581263666583
10.406249537885234
-6.8759652621179015
-8.899139620422435
-4.006442196038771
-10.273864091347386
-0.9744363398745836
1.5196739112759836
-0.3093807229410219
0.3107898037631012
-6.072499078192941
-3.4358716644265304
-9.721032051589436
-1.5446186318188224
-3.295047829474564
-4.613340747170177
-4.3178650252364905
5.103298977952796
-3.1912325621301774
-1.8291617557528312
-0.7318546881159999
-4.122302000019553
6.213267562928894
-2.969794018145428
-1.0187540769713723
-2.0136336519534725
-0.2544904575469925
-3.7944349041131686
-6.912143356938693
-0.11955473217556122
2.089679697714601
-3.3844079593095686
2.8811114610735684
-2.2332628520833886
-0.9283072128045133
-0.6883574320074157
-2.6275067396406313
0.4043263840526888
-9.10129061845735
-1.3967858063262726
4.360463022210883
2.325109981565029
-7.871097101088991
2.0743393537425607
-4.135707353558023
-0.9283925729907391
2.203579114442555
-1.1896135532725698
0.8416364389849014
1.285452318338181
-0.14497966802859627
1.6663846040951604
-1.314635538748177
0.14568979056601994
0.04853539045336251
-5.179772329178313
-7.63643771981268
3.0824281453046094
-9.153126432043782
-6.798828980253892
1.1241028969555018
-4.986194946855901
-1.136084241113347
1.7255417015671317
1.5312765776515211
0.2365661033668958
-0.5052017189931484
2.874854592615546
0.758647566708293
2.7994960872420314
-0.5169674129042872
1.6965704203526486
3.8590639284590202
-6.090747136413126
-6.631293286512632
-4.864869420215168
-0.8611613425187935
2.0842892054149957
3.676898474681434
-0.5410211537844644
-8.063823200265047
4.338820596308195
-0.9019902705601187
0.4285122103590611
-1.03233532853932
1.3579563004592201
-7.959715034396092
2.8421796169567686
3.251953787882899
-9.708518774549162
-3.687667545059459
-0.804574896979391
-1.0149459042500697
2.257276767878524
7.05999917329278
3.590626495952054
-0.36418319471320443
-5.148554514841059
2.721087272207871
0.3803607250283429
5.991201119119321
2.2625830820543267
-0.6810098793022097
-5.008138930919862
-0.004678619751859011
-0.004678619751859011
-0.16070480825340527
-2.1664408558021613
-6.334612999119665
-3.17476073266753
-1.5125495223169068
-0.07557984223219648
-6.985678342122719
-3.2622233411298662
-2.1849541173205758
2.3175038644599977
1.004368254749884
3.622845189644212
2.037200464474185
-2.1695584699371406
5.360887617832015
-3.203941980260368
-0.3922319213394461
-0.7753798056519944
-0.9856850566912033
-1.2167083342544425
-6.710743957540175
2.7127834602112424
-3.364439438951382
-1.2400901171826146
3.3631540312910606
0.8425075048186969
3.384231574071123
6.459046634191167
1.0526257597226427
-2.8274631619056767
7.051616197836573
3.208957554004794
1.7516754242334323
-4.038199280053119
2.4603938571281327
-1.657303916465889
-2.562819045785063
5.205743116781263
-4.923367018704699
-3.643829878880168
0.62023026176881
7.188349972018737
-1.7704738430019795
-2.275125454282341
-2.5611556209452844
1.1142666243194483
-2.096027224421671
0.28827904942061633
-5.816633795729318
5.577186792685298
5.7793249191313185
6.757462170833183
5.559408854070392
-0.06512331791372299
-0.9190837687322185
3.740142181343961
0.43188713920225064
-0.8683464225910027
6.407952062648659
10.136949974565859
-0.16538247661566569
0.12795547277108898
-0.03392490459560076
5.643967562465816
-5.724400837094845
1.5552274392664152
-5.578730009200758
2.2177334202022423
7.094627102570345
-4.953450640071049
1.3936915173175526
0.7483209519705425
-1.5405620659264059
-1.4393311837943452
-1.034933151325739
4.918431782340123
3.8816362009009358
-1.3240241963801365
1.9688391406627188
-6.124496765446014
-0.9740474766731568
1.2428712450301185
1.3922464244537667
-0.6164399383325784
-1.4291562459909015
11.030447378662155
7.533921056153729
-6.667400595800962
-0.9346020990603903
4.353181244797172
-6.315276982645455
-3.2284541497168373
-2.0927754807984953
-2.3405838423627072
-1.984847827119372
-1.1622711145500193
-1.024515406601148
-0.9008737942793051
-1.3623092024237722
5.878423903444077
-2.53550689559857
2.1415008181814628
4.095067691764796
5.789956328164429
-2.667835497423128
11.469659335557402
0.4854159244889774
4.773355214624997
9.2611380805639
-6.505850724422086
-0.34768946642667714
4.06121201272771
0.41878378639788133
-4.2316850969598
-0.0594498027807037
1.4324674727015856
-1.3160936647921044
-1.9527485011888395
-5.6003244790321
-4.866400386258892
1.260416687125729
4.190899990012421
-2.021839956333568
-2.704336621023385
-4.705758165863418
-4.4511133309272894
-0.79767155506363
2.616909944699991
-4.9117294507191875
3.045747010528525
-0.25256671266794245
3.2109480901880803
2.2210936486400654
9.327862409496786
-2.75733900414324
1.8327253760661582
9.563543038612162
-1.4969711211248917
-2.361327691532845
-4.45082703092109
-2.838682044867684
-1.4240011111761337
-4.827656675408753
-1.7957051904627757
10.95133527453206
-2.873257396634043
-2.397838672298823
-4.259503740976247
-2.340401915543949
6.079002677020553
1.0591188258473299
-0.0002803670661026083
-0.0002803670661026083
-1.7304564312343014
0.24182600855652883
0.0339099267433659
-0.4186253758068005
1.0082891889488916
-6.269012027190613
-0.9842928462605957
2.0721002127851107
4.88085596370191
0.2500759515282176
-1.219678987921674
-3.3836045043025256
-2.319668293593495
1.959633912940894
-0.5621819138312512
-4.012804389461433
-2.12708169618533
-4.796001157579223
2.663012791420074
-2.6233838828999696
-1.6619591431376761
1.4923251869545597
2.8919603454629446
1.7427978290838315
2.572942149332272
0.02079003184908158
0.9914106020694115
5.246778877876381
1.6909514996882467
2.3869480177136606
1.3368911766791858
1.54703751669773
0.7728355934817671
-1.6375515717584415
1.5006366085149314
-3.066498172695675
5.541609359217073
-5.268751456674613
0.11650475843218358
-1.6309685170872108
0.36568221905770804
-3.8873510663820845
-4.697454810833625
2.4161999710721616
-0.6059729736255233
-0.09543107804117879
-5.590434332288685
-2.9950335120903797
-6.202097698221871
-0.3135067559719735
3.3575719830565975
1.6879329017781561
5.774505233472157
-4.2204545693813955
-1.4474297358649397
-0.39654207554219534
0.5692101971643926
5.710034158201212
-7.350215575861929
-2.6223422507398424
1.5407328600731942
-0.2091062468911072
0.05200719202417441
-3.293385243407839
-4.964430937483535
3.216751122444305
-3.7244096887107276
0.5423951643519761
-2.598332678896693
-6.320505968075407
-3.31744201771547
-0.34623667762578697
2.183167493455886
1.3225662268696459
2.409032814228456
1.150518523215804
-6.154714109422713
1.7341805068258183
-3.766741330280371
-0.7940718638709673
1.5050009050665554
0.13370173174090977
-1.6548856212423384
-0.28885729674398236
0.19514468010040384
-1.846675766080139
-3.3610670075811546
-2.1317418774920376
0.15601665384791635
0.016320978977797766
0.8544443177238541
1.1101698620592944
1.9551920353000405
0.9280528272321714
-0.03247750719516899
1.004845911967465
0.5437912195922634
-1.2827835630974402
3.0410723220086346
-4.242621279244006
1.6998321327977528
-1.8046578608104333
-6.167672042488224
-5.494911068915974
2.7734441904081635
-2.099369278993716
6.1248431419045755
2.8141087055570413
-0.1435408856402046
2.650426107624485
-1.011028812671346
0.027094845281787728
1.4428069290439138
-1.168448784679808
-7.289910017023151
1.1490859240066136
0.5166713857716485
-4.278266472745131
-0.3697082165466314
-2.3684055768843733
0.31419962495064324
0.6152922754437892
-1.2907048049911312
-2.24920735674243
-3.3383618564993798
-3.7724609741667474
-2.2043568469176105
3.780957394794676
-2.3006007586645802
-3.479550402670252
0.26470468768220223
1.0837413191064618
-1.04497932548118
-1.9952565860142029
0.4641998528964264
-4.139296081203931
-1.8516356392253177
-1.8332423171817216
0.34771998964825107
-1.310622981590033
0.5753602248016213
-1.0638054457637667
1.2653998003076732
1.5634072797220855
-3.9215747558269727
-0.31546921623111235
0.2541091324459258
-3.0630490677534428
-6.159937673788689
-5.86974446454584
-0.7639298932109421
-0.00042022026254152895
-0.00042022026254152895
-2.4006149093027638
0.6215715955446797
-4.013171474343283
-5.903524171598412
-0.5800868699242812
0.15089774496307162
-4.700214306215226
2.143003864160854
-1.8256862922412196
6.765803975216803
1.1237816006016301
4.113626351215875
-0.8098716193072997
1.2379561356218471
-4.996850967494683
-2.3089551746353814
2.114233580245532
-2.5769510014559613
1.841089777793643
-1.1527026396299123
-4.572113909034762
-1.6318344668042148
-0.5096918169359024
1.2626675765909092
1.3700299813229524
-0.4046681431988097
2.7555587257362255
7.744996743832733
-0.742341937925216
-1.222699075826654
1.7069578284855593
3.8175896398327054
1.2414395523364266
0.37008116269091096
-2.0025174118246145
2.515486340493339
6.453312721324589
-2.0835678690247255
-0.8970182594119501
-5.732189699059672
0.18358045574113765
-4.675561270307839
-6.378936989303328
0.42115580707773514
0.2291664374038546
-0.3072558932653268
-5.460301224420384
1.6599704887833646
-7.1923693313975035
-1.4458988079268462
2.7295068895070145
0.5791101929982252
4.204096473450182
-2.7140526566598466
1.5866940137322927
1.6862591588458444
-1.8620504099056916
2.6987372835602055
-3.886225844638215
4.611587478557829
-0.3390902677427505
-5.210370924210482
-1.9289411607453582
4.933799548798814
-5.856564103216959
0.2463599722968398
-0.32052147457568264
1.3008566110217357
-2.292085477376345
-5.816360440088012
-2.704379089191931
7.0027223808009955
-4.252537587403941
2.7750178579957234
-0.8067111011783821
6.813825097763478
0.8541131378869251
0.2544785168516651
-5.307629423409524
-2.498528002625731
-0.7535241790671421
0.189817757696816
6.780348822668563
-3.9622129076139907
2.036632512637914
3.7951024561105515
6.777686643021006
-4.344369482043092
-0.7444912956980134
1.208303571278128
-5.181404247335383
-4.149678721557719
-4.254960021335519
0.5450418520378673
-0.3045896960531228
1.3357540782361117
-0.06622088020719638
3.7982365336606776
0.5618323759395805
-0.49149485612339916
1.4762762263151288
1.2124745767562863
-2.51136590922492
-1.370181394009949
-2.3157658259156237
4.607860447568667
5.352306723129575
0.5867929379272735
4.541697155921698
-4.929497534908964
0.652834117540185
-2.1323147026142326
2.8960581999594863
-1.215246176916027
-5.5735898453084225
-2.7013895884205534
-5.256049602676533
-1.014365414909074
-1.452245152374752
0.956320308692654
1.9879523938285302
-2.780752918468548
1.50201773855358
-2.0362848313271984
-2.969420697916554
-2.58986622316019
-1.6739837318751019
4.259116830149369
-5.139145738105947
-1.093943174879628
-0.6215610720288485
3.0340136845507706
2.434232029881934
2.183641354977463
-0.4719811444607301
1.3397537656481218
-2.1621910335702372
-0.6613194734289103
-0.7385077142196887
-6.672891695075683
-1.1862796181113515
0.050081342101508115
-0.28833583107696437
0.3184825618168744
-6.461658135480888
-1.088285155136959
-0.7427943148905612
-0.9161308644460419
-2.8555239308224425
2.518810730979401
-1.5388983279911916
-0.002116165850616354
-0.002116165850616354
-0.8087473236239471
-1.0115660069378325
-1.0411101456826461
-1.110951833816672
-1.5069417006443944
-0.8387891114567589
-1.0658563836061352
-1.7478170055648523
-1.6205244352961017
-3.31617694864203
-1.3426238737421252
-1.0588004512989366
-1.5594062551027983
-1.4788539893104118
2.6735223703250437
-1.2432987086627598
-1.7597872165260895
1.1253543113696485
-3.296978630378679
0.8464755843075676
0.16643201028616483
-0.9351609781529352
-1.2456697920659632
-1.1640138325074885
-2.2615996913377647
-0.5491342861676541
-1.6342232062593645
-1.61049765016137
0.6705241203808744
-0.6805981233279883
1.7973414238967573
-1.747874864804035
-0.5775950123584791
-0.5194508142930384
1.6166448982764685
-2.820252866972558
-3.4423990587012243
1.2301492195463435
-0.9638265888749344
0.6389635466660747
0.05055992574472469
1.8523960839383116
1.7215552819811324
-0.8966909780766782
0.21187272970371288
-0.2550897043526818
0.15839425693220405
-0.4053593711763348
1.4217234119021909
0.7975753747830202
-2.16588991940785
0.3207279603597163
0.39018897607373004
0.3327203286806755
-1.5273093204267245
0.0038502678657139564
0.816287531435592
-1.4943520834967765
2.319435838294973
-0.5902965402372791
-0.9862044641405593
1.945190841239357
-1.6275911331185962
-0.5439719919100826
0.7499266446922875
-1.8861957671314553
-1.6452028025629826
-0.9428861872047184
0.9002346136964197
0.006351746420844413
0.2354408856597086
-1.6866868759227316
0.2468241960008903
-0.9458847837270451
-1.8246096194574581
-1.7370872396326107
1.0932624507918947
-0.019100803251494783
1.1364439047976478
-0.2289248042835214
-1.9243966353610893
-0.6574756030920182
-1.6682933989279076
0.13705013235380692
-1.8741884792414774
0.9395112874827528
0.37957207166375845
0.005539239174045437
-0.5560645811699476
-0.9101514228233011
0.4970488994433893
-0.8547570123506176
0.2996074375745011
0.061253419260747496
-1.9108552853582963
-0.40690538042340635
0.6330831285916635
-1.7201208488858384
-1.5853206312341186
1.737887170549892
-0.9549377394720872
-0.2687217340425392
1.830824212121583
0.4822241716637852
0.11894662456568943
1.004374346557977
-1.911227803594535
1.873600540512543
1.302940445716629
-1.524382104374171
-1.2007435688161026
1.5022307747195474
-1.126593694001756
-1.2585413125699474
0.8610047154352193
1.0783801244605278
0.7654021600748552
-0.44054571394167247
-1.211628712190103
-2.293786660647815
0.832771546513927
1.5365001328648127
-2.4473820599240437
-0.15389477455419573
1.0616650432500794
0.9091565860759149
-0.46661644009944914
-1.4799716902031423
0.7419261490483153
0.8668864912262096
0.41452041809664586
-1.608750933740324
0.3171484906252459
1.0775317810059846
-0.35217298175388695
0.310021572980691
2.022365981430665
-0.7205932976117237
-0.8650768062964987
-0.36867766468871455
-1.016209234309883
-1.3249819548748778
-1.4371249693574415
-1.4507765716808545
4.795808902265859
0.6851829383972434
-0.8856004597987638
-0.22513253213787587
0.3804989666366463
0.20204813792313756
0.5365249567647458
-0.0002796175848793187
-0.0002796175848793187
-3.4966604703726896
-0.04374140486260827
0.8722013302749301
-0.7210614590659203
-2.807151625442927
0.8898582029506094
1.9985464054061168
-0.046720257995439364
-0.16859120450742368
-4.559701883969828
-0.734770837055661
-4.200161277781902
-2.7588201636724556
-0.26665052593174216
-1.4002189260805218
-2.9203478347969143
0.9633239488418093
0.9839529387794457
0.5726719637041799
0.5769533135511337
0.7260832848030594
-4.9377578949879375
1.4877558693588615
1.2684693227953707
-3.34172873060075
-0.58325328108439
-2.795446267376061
-1.7255375684501986
1.0686007913376183
-0.10488943687031939
1.604852830421716
-2.347635725907843
-0.6099895635050729
-1.5629052159739751
-1.2837244416324332
0.9721573651144876
-0.017652159830188658
-3.6040549728640405
1.2701852161340232
0.1233655344432556
0.37344619148329394
-1.9912366755957458
0.7413533259247332
1.3934300057965332
-0.8503569871100365
-2.841907199094303
-1.394772355164089
1.3726880433808435
2.258883175045508
-1.9067947472650746
-3.9648642168511237
0.6233946349519177
-2.3573956792914768
-2.9086319350607015
-0.10064297255470264
-0.958042138317189
-0.37959867935339836
-1.592126406308729
-4.680824324718639
-5.651669922220951
-0.9936367688069481
-0.21354654534070822
-3.438013923081436
-4.054915377375765
0.46770808535146347
-1.4356471846626924
-2.395209940623945
-1.5411980452077103
-0.9502150565157763
1.1749578449733944
-3.0259312285348066
-0.9648659187133763
0.5258432599753443
-0.10584898458741786
-1.541881229780832
-2.6794663972677277
-2.572909368963893
1.4487809033223227
-2.546603278204585
0.930337195128983
-1.6008599123465692
0.15924166217384397
-1.6446141800265048
-1.8802916313418725
0.313925429955565
-3.7247415232760224
-2.2086755446482162
1.6202933671104427
0.6470436117623009
-0.6789492255525111
1.7455911008468485
0.6504064628001873
2.3166437069600145
0.6255002119590883
-1.5397305538363637
0.3138112703650475
0.3534731724881766
-1.5158038557236473
0.7090102073400354
-1.049063394136415
0.2360701161748068
-1.4095823868040955
-4.1155787348902395
-6.588083446765588
3.1924229393170043
-4.029201684901418
1.8139719704984136
4.387424572972877
-1.3523568710488847
-0.3858604171390246
0.7834528119683357
0.23312803592596978
0.49486035909809833
-1.1319897255932847
-0.2949503095302069
0.36416128320627195
2.4158291975712585
-2.266668320040337
0.4645044795854218
1.5088521148868546
-0.25919243431080013
-3.4598524149800576
-2.2098332257971753
-2.086350012576589
0.17797487554447106
1.2621355161649175
-2.174776103468887
-2.785692662113227
0.3645923131918145
-2.5395534686334926
0.11528847650447105
-0.906385262436036
0.0298730391325875
-3.892138784159103
1.1858410658167031
0.144565352664877
-5.410096188911463
-2.8174960503367092
-1.3427363026477683
-0.01983439569668299
-0.3032946205727787
4.1891746599573505
1.614378447907188
-0.8423907232368362
-0.8781128316998941
0.8882962996838073
0.6967272585710937
1.264338314541587
-1.3248526312087143
-0.7251288064990296
2.7322814401809015
-0.00019698756230503628
-0.00019698756230503628
0.8992846062664647
0.42295864136991984
-0.06587705363101619
-5.860903673349966
1.0023562231402
-0.3833062230671357
-1.8469029909614685
1.5725525491207697
-1.1188308421093187
-0.3469480484671979
0.32633113069346636
3.829358407653368
-3.318938868403083
0.2469439813264512
-5.038482051049524
-0.2484672023491136
-2.0854000508270514
-1.0144631418370629
-5.052531480978277
-0.19596044082640662
0.523334977930174
-1.5505546134317707
2.4382175206887324
0.7659807629620191
-1.0615675721139748
-0.41381205788655023
1.8851724119423585
-2.5748217968338603
-0.31112186200709413
-0.2112798049539841
-2.1505230289541797
-1.1143697980315843
-2.0744505652596934
3.964634370015519
-3.344127170090404
-2.2840871845543553
0.9890124506259655
-1.9799594683564743
0.03449245972395484
-0.99098363456288
0.481862592277018
-3.6566443184639073
-2.807201240012306
0.20824110140015165
0.5351469299723138
-0.398242601784468
-3.001864451972585
0.6372457307357857
-2.4089563586756078
-3.9055084712017094
-1.017332807961591
-2.7673438048362717
-2.3309863726024425
1.7402674652780235
0.49974312041641944
-0.45548242326741734
-0.16416808010573405
-0.4592191527679642
-1.079363289429303
-0.27973838466751527
-0.2581724170394572
-2.487666051526994
-1.467638792184929
2.352298724710097
-1.2564835652201545
0.05435922440329387
0.5877580951695596
-0.1997754613729089
-4.063365852454003
-2.7691451833637255
-1.203853397019438
1.3991334877989892
-3.845987953968945
3.0996624433320754
0.10787187654219961
0.7251627485604533
0.3215215469195891
-0.17227526215099642
-3.7955306451877138
1.9277084000853644
-0.5751581422054998
0.5246861074415327
4.894198832966242
-2.4880727950631063
1.1586414692016753
-1.983646361148486
4.072288273913232
1.4184570539163688
-0.3418899224447852
-4.479044919892217
-0.8723730039424655
-5.09119565704512
-4.000812112521778
0.3670203333162622
-0.5252762707431496
0.10509732047822885
-0.9956593323253495
3.6056660984240043
0.11470307138194255
-0.8691584081324396
2.16963549135278
-0.421144162758823
-0.7912952266797451
-0.7266917131708958
-2.1314751040267055
-1.0705510183701685
-3.192321138874171
-1.8266079744228274
0.07985387377004652
-2.1088050682531425
-0.6662518240291468
-2.0128810298141895
0.1827215068532471
2.0165525558531523
-3.384814663517071
-0.9282340108997427
-2.418230994223563
0.6292084735475445
-0.28025486661841276
0.43687010269686116
-1.878344308025397
-3.100713372107388
-1.425566304699246
-0.5103188918440952
0.581655534623083
0.014839079738962903
-0.9074623460735693
-0.4094259382094725
-0.6323087052216142
0.707020916407676
-0.43942670390505134
0.3797373351482756
1.1534412153350553
-1.2822521647116063
0.813929761710244
-0.3462428442659514
-2.7615471976732775
0.19128742887252748
0.9384456995688106
-3.7463984872864384
1.9898589657422943
-2.7891229116989456
0.4833776969736476
0.5177721557609078
-4.633938537794104
-0.13098047342033806
0.9594659228728996
-1.038194585445709
-0.5747159077063271
0.07687471569775903
-1.4180607476076523
-0.0007166369031067983
-0.0007166369031067983
-0.9818767013268893
-0.3213425554498138
-1.8133755281858084
-0.9389319296265156
0.38508269673527923
-2.449482097803529
-2.315237106789395
0.5124040471350092
2.001344867601389
3.8197649211584217
-1.9359036497607764
0.3752746003543792
-1.307024909059063
-1.1247213111856054
-2.5634344200183885
-1.5422180418863516
1.460053726886453
-5.8580780657051195
2.7358209813463974
-3.00058773234794
-2.3033143098095894
2.019600518835359
1.0749744882976426
0.9865766947042989
1.6749067341454302
-0.7281209198638182
1.1505508416510333
6.920576055715566
0.7149232474449752
1.4155391966759572
1.4732552362357711
2.3964689339795964
1.1467018375546127
0.4276940887335261
1.775727058585522
1.0082451303245452
6.275378817505106
-3.7314780809375625
-1.9760303736812832
-1.5533402493972797
-0.09919082072094955
-3.3070800091414654
-5.936428017798413
-0.5867786441845759
-0.008450116882866607
0.021707329364467603
-3.7548493023026834
-2.9046017394428443
-4.804119515676248
-1.1942805841712523
3.0262981754602203
-0.017400502951494395
5.839302706299469
-1.4315040750679755
-1.0689290719704079
-0.67859443786426
-0.18323482976256764
5.762499570430058
-4.074080921385082
1.5564433539551148
0.4294656990581754
-0.4171697238933274
-1.745374068275399
0.42038088829038467
-5.152393366273143
2.466414513096487
-0.8590220186316591
0.020843993485633493
-2.5149178969727926
-5.579655653670054
-1.4966309682150873
4.189612960041992
-0.29327066655882666
1.862031159805665
1.4836764762354329
4.575965886034046
-1.1855979942374126
0.05326688075883109
-4.7728076517088285
-1.7426165551321904
-0.6920634496980428
0.7196560682112297
2.793211122977606
-1.9573827515705646
-1.2815579365720535
0.7659253345127149
1.6389176354207173
-1.5370337109610666
-0.4258943962756737
1.225609657986334
-0.5314272725670662
0.5462223593165023
1.7556045344945375
-0.014529253389777664
-0.9113930590044633
-0.7714496035596743
0.6244656177929746
1.0369105116574446
1.0159097039558944
-2.3496425608441904
0.6331816327263595
-1.4211870064598495
-2.923569940544414
-2.3524256390353413
1.9029088155212668
0.8595364246084981
5.803797666509316
1.9687447134261855
1.0890088813714964
0.24300497432068766
-1.801361326126376
-1.466799378998205
0.9219141693018874
-2.0693989144235725
-5.5209875878011525
-0.6688950283919246
-1.692217736598924
-2.862739985102037
-0.46471563230221447
-1.7459773174691733
3.934474289109662
-0.24647677996559422
1.0852356659630331
-1.7298485313653826
-1.9845821611162624
-3.0714306967773317
-2.585750462777598
3.5205413995096335
-2.084492487337799
-1.7836705310840306
-0.13997254010113505
1.0233944642499118
-0.5401987939384899
-0.2597282445199418
-1.7184405334683472
-2.6459311189742527
-1.045839488004958
-1.8846399312014253
-1.349860657568839
-2.1671664280035503
-1.3141661352785776
1.3857623913589483
-1.2988269624527833
0.7108877962914164
-3.5872662935462216
-1.4274186127234485
-0.7365354099671496
-4.254437438438823
-2.4324395782098254
-0.4348373807284026
-1.579518743805918
-0.0008981075636873852
-0.0008981075636873852
5.244640588847022
-2.829477507979096
-1.3572082083568764
-3.1268174881902695
2.9085124566716325
-8.200352689904076
-6.645522819843586
-2.6031799287875077
2.434143904615091
0.5769659979764645
-2.071436074467348
5.272301313161399
-3.2131208946776786
-2.3571689220823293
2.124311765877672
-1.6185164809651431
-8.14637753743532
-5.638877537063799
-6.684784184253426
-1.010839468264253
-0.9734731710129052
10.058194326021178
-0.4476572668963564
-0.7024188741107844
3.5295637664230606
-0.29254584269759604
3.129745964008224
4.98752483399946
3.174194673906005
0.3616856139158745
4.920855749234355
1.1038729764203687
0.35587663220601295
1.7993564940566464
7.2291191389667215
-12.105609923008195
0.24637152277947827
-0.3293107296128337
-5.130344214175993
2.3100106276525345
-2.078430595189302
3.54250551813206
-4.071513099090911
-2.7564988493952574
0.03916883651359269
4.855196126013636
-8.276985257726729
-5.508899665956699
-6.767901375903486
0.9577718789122551
6.213966622805495
3.8428170916856477
10.146432369082618
5.52879657075351
-2.0881054719979493
1.8490915589977739
4.519087345163528
6.991541596241641
5.956627956068701
8.063930829274875
-0.5200846627898463
4.453227654295487
1.5074798008466712
3.3352360425397287
-3.3517991683524695
4.7643220273501505
-5.490327038150938
-0.19625964824228653
0.9483442171289043
-9.71805291438777
3.9599721009876157
-1.3496831205585977
-0.9075597692982418
2.0011031396295715
3.212069917424556
3.099495799775685
-0.43520091133568667
-1.9278598096149502
0.834755609151733
-1.5077901642525837
-0.15839867168623406
2.8160265545720264
1.9077396452166837
2.3562600745833073
-3.244890506725527
7.234919967568218
3.8362290720134284
-1.7443673339952104
-1.9915513581657822
-1.6969699613520706
-0.12844878410199193
-4.54401856355551
-2.574265617440651
-1.2266609303653713
-0.5975415967490142
-1.460358134439027
-1.96648093278151
-0.14323962436196236
-1.24847144351258
1.509364147797865
1.0927956346145336
-1.376640470359031
1.0455277772558904
6.169253009757695
0.04772110009997301
6.698109984895673
-1.0691289160733175
2.555728218021837
5.326505803352283
-0.40997555456366325
-1.4566514283352308
3.478818949957288
-1.6905101619551057
-0.1867982595741074
-8.844283753927956
4.302179588837118
-1.360680015435928
-2.795611519875344
-4.963896355515876
-9.587670535336308
2.492589966782199
8.244545173132105
-6.346898913570161
-0.02902886548532287
0.5868489141824402
-2.683918552905386
0.2380994825735957
3.3865922063697784
-0.2650352410678882
4.79386325923804
-1.3182803936122127
1.8377870438979793
0.5230387688447832
6.794407905080466
-2.1154494636385484
-4.163509338189332
11.67264250409647
-1.3690314827508594
-0.4151260957816882
-4.897776341459821
-1.039934238962923
-6.817778268532338
-3.4388859812689625
-1.2198799763552544
6.931681987993021
-1.4712431017852414
-0.45811242221321025
-6.251002018734094
-7.037288606514421
-1.1096018964446808
-1.7859168436151829
-0.001454360537970845
-0.001454360537970845
-0.9208839579362916
-0.13548276509916662
-1.9768745736976077
-3.736180709689146
-1.6222123874837002
3.280091668765842
-1.7798081013639722
-1.5767999740842753
-1.7132901609740938
-0.6485073117809307
0.3074756097894188
1.3892165681988766
-1.366357335082877
-1.7723502041180725
-0.8148444061949973
-1.621935398251616
1.4571812464796967
1.897067676457914
-2.1267123856582018
0.7526282458729185
-0.9517326896454511
-2.111737990918873
-1.7151700725086334
-0.5852879146313352
-1.4771718134705054
1.1299697153036796
-1.1815462091035078
1.1960454727576957
-0.01659528915900154
-1.6667944889248365
4.836099921002114
0.23320293329418182
-0.09697918641121125
-0.9941127474543714
-0.3739927529440968
1.1914972974667064
-0.9624091087747352
0.3167548374512739
-0.03335159047860881
-0.7669766018050401
-0.07749185979494609
2.2257914566829156
0.529849521242405
-0.7830508314272421
-1.028232068129178
-0.7783277456353248
-2.3271778342667218
2.1713246257399432
0.4215244289297609
-0.8357820282392395
-1.6716613479177884
3.350522380337951
-0.25085019303183687
-0.09353091575887494
-0.3887306816941651
1.7523611629072624
0.4100940798802543
-1.8873000460838045
1.9204718320356267
3.1608750397243397
-1.7002969089920568
-0.8645217104467934
-1.4348985937295256
2.406992972001952
0.067574809150074
-1.7485660037429378
-2.431256088157475
-0.688403490035452
3.0314971454596877
0.2325721632268916
-0.37652083559332566
2.772407451322627
-2.356212680388306
-1.0081510277475665
-2.0282990814005992
2.2747396291923057
3.374733988229413
-0.2790214718387311
-1.3778363787101644
-0.8755044961283845
-1.9622390805544119
-0.8110299409177213
1.6318844822818812
-0.9549311504653225
-1.3608433015917754
4.4904052204025175
4.852372406295327
-1.2913809738780908
-0.024756822458340183
1.014945490146385
-1.9181228704905156
-3.3612575394360764
-2.937832696156137
-1.4285927624221215
-0.7977080093222655
-0.5538959204580253
0.3196302042703344
0.1992051754596319
-0.4166236656678158
4.21135211198399
-0.9077876618956157
-0.7558323719784816
-0.25396581976582216
0.046061313893504756
-0.30052974779994607
4.165492806457301
-0.2829158873727944
4.571696412117369
5.011750267982881
-3.8165621455946313
-0.5308379459818158
2.2725593880026245
-0.7415186786361214
-1.3355957258707079
0.6424118092726342
0.9096793349331163
-0.5639783191742507
-0.9723456410781015
-2.0926757189577074
-0.1405224953643249
0.8433470467097257
-1.24833917714433
-2.642060683868351
-1.549222465899629
-0.3771173807833741
0.12816982731343876
0.4820393495634927
-1.3864123966688358
-0.45372401996393
1.3728581081691196
0.9015548733360754
-0.7125389277375371
-0.30453335152922156
2.969778769323799
0.595964063267775
1.3988961738930044
0.1700373601935455
-2.093012904651596
-1.0416677718405714
-3.7749210880433277
-1.0176003567343097
3.3487181409116524
-0.05673477751904721
-0.5318322026326248
4.162114560557791
-0.5530060123142367
-1.1204822058474573
0.3502830464189394
-0.9344051483740092
5.352502608170822
-4.248025712501022
-0.007593076961139896
-0.007593076961139896
1.8356942784337766
-0.7152011264687418
1.376746592089768
2.6113443682863897
2.7989047761315646
-6.598004962680031
-4.361295004556342
-0.10951051713601105
3.3215861457189066
2.9760827973872215
-0.41163201016578727
-3.071546472620164
2.456236587655032
0.25139699423700396
8.378058149232816
-2.0953029683973012
-3.634739925390044
-0.7387014707462202
2.713276620027167
-3.390397803335107
-2.934190620941234
5.441274785727026
-0.18659134994701826
-1.971022476745888
5.9267219766178565
-1.2301636915944312
0.20015575095641427
9.906650276275593
-0.6230693406012768
2.894742967854844
1.7739969132479856
4.938911268129041
2.2307302333890973
-1.8867946631683459
6.1068811072690945
-3.7923040439221634
1.9370006911953817
5.229060358944627
-0.3008590786748655
-2.9464859203296654
-1.8308919315910595
-0.2819030111258182
0.6608447053795083
-1.4189329719804216
-1.746017325008545
-0.43977798213680974
1.868035601212363
-4.574841974664971
-5.093739784521662
6.984599322507713
6.4983900853825824
-0.21515994656509152
10.049909706066732
0.7824498788969536
-1.5565060867184568
0.1830706718076078
0.1468814541892454
2.8169714665194645
-1.0395498763876851
3.006140565492134
1.1547159910815896
3.692650049619608
5.664291514044956
2.1943774612092466
-1.186399104625106
-0.3766753327326393
1.6410233669247762
-0.48641674944388313
-1.4464255101686152
-4.432807900329642
0.022678697211373382
-2.726719211522319
3.970195000929654
-0.8993954889604363
2.8325025635859844
4.4716687341052195
-3.115026100712005
-0.18679013499912117
3.5023717939836057
-2.2433730592496404
0.4061024065736403
-3.935223082362502
-4.714718543048877
2.8437955959686727
-1.6377831506176463
2.4310239220001084
-1.9132853581382276
-4.526993581795364
-1.013306783134649
1.2880101674483917
-2.4223131788941106
2.5659839172860672
4.437618805531738
-2.0995660567854904
2.533193887394701
-1.8838721954680906
-0.9090568122809541
-3.7897054436024176
-0.563674259498172
-3.287892781058214
-2.239580052508281
-2.3260140826674762
5.244959812542454
3.284552878820249
0.1523295673505508
5.266673962712541
5.133019187407713
2.359624065078153
3.4779736317680054
1.6616939318600317
-2.44790627256314
-0.047679226610482114
-1.614932904049842
0.525078674999085
-0.2856826777151977
-1.7625205922857126
-1.0487853048514908
2.1402639272020294
0.117008492925031
-2.5811280820437816
4.207742963160835
5.669087466368013
4.517782920627694
3.2125297247022746
-3.1175661195716144
-2.389029574539104
1.1619376872108818
7.677971349175379
-0.9536568854502782
-3.7284279388362807
-1.0420118585255067
-2.0309512430378884
-1.8009861854345597
4.157503852098251
-0.5632177041405642
-3.736353985972215
7.1954786352854
5.384847969765363
2.675881707624212
1.1205638035082885
-1.6571331057556622
-8.709350450117874
-2.5681418183976112
-0.41048390434011517
3.081400302771109
-3.2591881948431483
-1.8551183980107402
-2.176654296842122
0.6250381015637376
-4.725651273608091
-5.266741375843666
-0.013389320209050088
-0.013389320209050088
-0.0766355764026307
-1.1467030635646545
1.239732951493096
6.520188504038069
-1.2129816496289876
0.1656933394184105
2.067361837799675
-1.551597377299115
-2.1373060674881446
-1.9600286800840752
0.28618060832051706
-4.354020717459797
5.023001939758284
-0.7570744703118104
8.652619691422798
0.038014070741919835
0.8316681509314912
5.670779965882995
4.209493868182611
1.8193947339970997
-0.38437036278707054
-2.5326470375344443
-2.407240645176909
-3.506718601079831
-1.1709737113922423
0.3566699245739831
-2.7291433568829735
-0.007631690971531378
-2.077529586172416
-0.6941911983457103
0.5923459723618659
0.8945536063550276
1.785519008963635
-4.064234707107721
1.97825235365106
1.6266621742095253
-4.784327468955827
6.843442829302403
1.25875092322711
0.24295354411200892
-0.815415684985976
5.282768593560591
6.87134487292599
-0.3757008033361969
-1.6037584865906533
-1.3757813033270079
7.805142124099534
1.4454218003430361
2.4096889840469013
6.827706912282335
-1.3519883257125849
2.1656809508737145
-2.121001234112553
-1.6192574437826226
-0.18076276149237674
-0.992268880889851
-1.4374461729888013
-4.810960419440705
2.2872081663494184
-1.0297501403034726
-0.5373303380970762
2.2375070765433867
2.629696729174917
-1.4886310715225404
4.7147195637674235
-2.0581867691970612
1.4942997387490604
-0.7092372281813754
5.109446633374351
7.1474965246512845
1.6987028318352608
-5.268946345586484
4.966012185460749
-3.671099899112456
-3.1395798498520957
-1.7593095071311564
-0.9848289661482988
-0.1966713408238993
7.093272396876387
-1.1536901691345747
1.6928461537711412
-3.000493688417756
-7.106491850213627
2.534893089321692
-1.260815423143754
0.6713561436162304
-3.9427250961111007
-0.013450316344980395
-2.13234348672362
3.9232018558962016
0.48383395543707236
5.570591519262083
5.075640596193919
-2.9604055719437206
1.198195486793546
-0.8530501980352033
-0.21345905493953757
-4.304675971688594
-2.1324909495400473
0.6375067649688331
-4.248792593114059
-0.8347711219590629
4.46405129861134
1.9874987938722455
-0.05155379351602037
1.8063839543462006
1.18270836381091
0.4839979925704103
-0.5994106142319882
1.2588312785266638
0.34761561454510637
0.1319273841733496
-2.100206030902037
-0.22638752777366766
9.207781530403544
-0.9710398440998304
3.225473723506083
3.110669528002245
1.0202677399830655
1.2859398752349018
-0.8677882098015124
1.7805150644103103
3.1766284165284286
1.6611548388849684
0.763765731328108
1.9078680540505457
3.1282285694132446
-1.1342146483743338
0.3392862859955611
-1.4518231316612615
-0.9077225112723522
-2.678623886609831
-2.3579937948484373
0.8563940263953979
0.5736324049481618
3.0259721410862785
2.7872990238620075
2.518199087701005
0.7162724260745421
5.255752625568712
-2.5228667016366693
-1.883565591715051
-1.3736488891381742
-1.5396851979848356
7.758838414850321
-0.7915293189688999
-1.3551829430678863
3.100073368749595
4.3213365930516145
0.18584833385527935
-5.925113313127859
0.00627830777325255
0.00627830777325255
0.9520117416909166
-1.3387009834488655
0.4316544314290086
13.888821665924272
-1.6021761400602599
-2.0586538290973153
5.436021945506033
0.6861372288118989
-2.8184921721165144
8.513672538537095
0.14783387495985414
3.1148725086529465
10.378783652508188
1.621749567039902
3.7678945156691355
10.642756719697205
3.6476777891680205
0.03799075327070151
7.126472153745549
2.0122227058136732
-1.3640371342444924
0.40117135976951096
-3.6801338850780017
-3.8835927388775136
-0.06432606461318896
-1.2242567055385964
1.2902806083521492
-1.4555804473316982
-3.7875962267075742
-2.137222813702967
-7.082116979537358
2.9117181616389414
2.957997611907711
-2.0613148408623756
5.173888827769894
1.818229121861458
-0.6782449285516136
5.0371934766163315
0.6102527040896358
1.213978036570144
-1.9695464064959605
8.314876656055697
-0.30099749270339354
-0.21217615849149887
-2.0602899598402633
6.488534243126205
8.649030878191388
0.2200092222653749
-1.2832976171726649
4.511351044021444
3.4193871666118167
-0.23354689804940523
-2.2915220940980303
-1.0211762267645705
-0.9809928127483379
-3.6502374636923065
-4.269496765928375
-0.45743785648748514
7.258623691033165
6.170983108779643
1.748474748871611
1.257719470174304
4.025901741878098
1.3574496397897196
2.3672689879072584
0.4293297535123326
8.973199081044013
1.1588966236751772
6.873097651726771
6.6858754079045815
5.441618361217644
-0.9616968976570986
2.997194700482202
-3.6242260352582947
-1.4919774585709598
-1.244416307304092
2.3695117072213443
-2.320462302482637
7.787153007215037
-2.192353109378755
4.855237930390415
-0.6381692559301011
-1.9281906112071863
1.7962431688905511
1.3542509130871234
2.5858685295532107
-3.7713629783027893
2.0463221944334604
-2.9780057622127085
9.265347918450095
1.2743070276664918
9.387461017531956
-0.630430842484006
-3.2818633841809914
2.513816330644136
-0.9709438820056463
-1.0398540935850618
1.0404164457983778
-3.9661829307570677
0.6397430310552811
-3.0254699891749746
1.0071620657374412
5.713782927351772
11.039242336670872
-4.545507231608183
1.8924190937975098
-1.240037717858183
-11.126769166505548
-5.650336255530754
4.762550111816716
-0.89311794049537
-4.21123784581031
0.4821110483581612
0.9232264255335101
6.021703547437425
-4.6914712483168435
-0.976773952932165
5.915848614851414
3.2005918102274284
2.430376406765851
-2.112042989556497
2.4044739056725524
6.416959277664819
3.502928397442065
1.9746713048662248
2.1020599212026045
2.8869553075515437
-0.8120220964947165
-1.0452297275409783
1.896212155090884
-0.9133539657591994
-1.39202000048499
-1.645439543062107
0.9169476478411469
-1.527409658788579
2.4203466370559914
5.486728263855522
4.697451884602222
2.0258504617026176
9.209996249934159
-2.9041220886142587
-2.3084582801303104
-1.8451367625491595
-2.0346511460285943
1.6466308790152995
-0.11153367659116174
-2.618591860113451
1.388252247245254
5.278674675462335
1.2986612854821558
4.50389997008682e-06
3.732538492906952e-06
3.732538492906952e-06
3.732538492906952e-06
3.732538492906952e-06
3.732538492906952e-06
3.732538492906952e-06
7.426950111815402e-08
2.6692459713927626e-06
1.367688120072872e-06
0.00027977647505115187
1.409611723913858e-07
9.405756336827057e-05
0.0001039760425570117
5.4542934214888615e-05
3.4012939733717263e-07
0.0002303013644313522
8.448607936379427e-07
4.203008876694796e-05
0.0002574499644119697
6.345495536818265e-07
0.00020978365545302788
0.00014993620212063114
0.0001955300553733569
8.892786274384407e-05
0.00024755472480303837
1.633193914633913e-05
2.6814900452353115e-06
5.749858865305087e-07
3.5063776613575718e-06
1.6605839295444695e-05
1.4304787276614827e-06
4.36105009946058e-06
9.943482287403581e-06
0.00022468872735195619
3.0060724853774785e-05
2.0166866384696542e-05
0.000279772437389194
0.00023106944352322813
0.000270598016952963
3.335862342629454e-06
0.0003689230187342742
0.00016120356515419957
0.00011391272066302809
0.00024897992231560386
3.3453125521850516e-05
2.2505396459899202e-06
6.0067099291526145e-06
0.0002957474737028456
7.53381338655978e-05
6.273914541781554e-05
0.0025741301457911526
0.00015694884475563005
0.00023185622371123022
0.00014031433694460473
9.181186118711426e-05
0.0002503493674122525
0.0001415561684835238
0.0002908423688345906
0.0001233131000187448
2.02944785634166e-07
2.576613870525482e-06
1.4448391329403352e-05
1.5608529895937023e-06
6.155775973248122e-05
9.311913667596888e-05
0.0002403226199567534
1.4527469579030268e-06
0.0004658686683813484
1.4229489231544671e-06
0.00016653450030755624
1.8385811302002417e-05
2.7247776740762574e-06
0.00017070252730136718
4.4773493265795147e-07
0.0003121502470955233
0.00015598560211432878
5.991823591558715e-06
0.00012598177467072503
0.00010181940378902714
1.2525151942919502e-05
1.875764155889647e-07
0.00023598805317829306
0.00020731896641059284
9.709741847242925e-06
0.00011187823557660072
2.779210757086339e-06
6.877671141121833e-07
8.635736482705006e-06
6.603465971946906e-05
1.2767978287623482e-06
2.4847343644590033e-05
0.0002331241314801284
0.00015380874552792663
9.77702728201694e-06
1.302931623843704e-06
0.0003130259013240647
1.477034753265684e-06
0.0002943817895896921
0.0006500647542725395
0.0025744996388172934
1.0485990124060708e-06
1.3546217233335726e-06
8.455815099981042e-06
6.298661568682177e-05
5.296219664482856e-06
0.00028641666234482656
3.427043029366309e-06
4.74612040362724e-06
0.00028285460206765205
0.0001886934390381889
0.0003588325067259806
0.00021960938319664795
0.00023188854276977525
0.00021038796856998434
0.0001442630468382099
2.9939440311228774e-06
1.1991389888172289e-05
1.3782671900892147e-05
3.952667956520919e-05
2.0664032349830735e-06
0.00020787157665573089
1.5227914396637518e-06
0.0002793808515126692
0.0001329530236623598
0.00010448711449917551
0.00012362665515007723
0.00036305567991716753
5.542063324387555e-05
0.00023311844631044944
8.532715720913882e-06
3.6817234343947855e-06
3.3553531134386535e-05
3.285999329671336e-06
8.351313659180582e-05
5.8968913088285046e-06
3.075858681171321e-05
1.8958662017303275e-06
1.0675165382784224e-05
9.495775806786858e-06
0.00018958507207628058
1.641185015807876e-05
0.00012708613065221666
0.0001476265421884847
9.097956508413599e-05
5.011333461733492e-06
0.00022413555659190888
0.002574542757771945
0.0001348258431880795
1.2743070835878897e-05
3.991912061400561e-06
0.0003377266228113613
2.9958949696245134e-05
0.002574350082732227
9.195826936982026e-05
0.00019930077670687516
0.00035309243564718266
7.426950111815402e-08
2.6692459713927626e-06
1.367688120072872e-06
0.00027977647505115187
1.409611723913858e-07
9.405756336827057e-05
0.0001039760425570117
5.4542934214888615e-05
3.4012939733717263e-07
0.0002303013644313522
8.448607936379427e-07
4.203008876694796e-05
0.0002574499644119697
6.345495536818265e-07
0.00020978365545302788
0.00014993620212063114
0.0001955300553733569
8.892786274384407e-05
0.00024755472480303837
1.633193914633913e-05
2.6814900452353115e-06
5.749858865305087e-07
3.5063776613575718e-06
1.6605839295444695e-05
1.4304787276614827e-06
4.36105009946058e-06
9.943482287403581e-06
0.00022468872735195619
3.0060724853774785e-05
2.0166866384696542e-05
0.000279772437389194
0.00023106944352322813
0.000270598016952963
3.335862342629454e-06
0.0003689230187342742
0.00016120356515419957
0.00011391272066302809
0.00024897992231560386
3.3453125521850516e-05
2.2505396459899202e-06
6.0067099291526145e-06
0.0002957474737028456
7.53381338655978e-05
6.273914541781554e-05
0.0025741301457911526
0.00015694884475563005
0.00023185622371123022
0.00014031433694460473
9.181186118711426e-05
0.0002503493674122525
0.0001415561684835238
0.0002908423688345906
0.0001233131000187448
2.02944785634166e-07
2.576613870525482e-06
1.4448391329403352e-05
1.5608529895937023e-06
6.155775973248122e-05
9.311913667596888e-05
0.0002403226199567534
1.4527469579030268e-06
0.0004658686683813484
1.4229489231544671e-06
0.00016653450030755624
1.8385811302002417e-05
2.7247776740762574e-06
0.00017070252730136718
4.4773493265795147e-07
0.0003121502470955233
0.00015598560211432878
5.991823591558715e-06
0.00012598177467072503
0.00010181940378902714
1.2525151942919502e-05
1.875764155889647e-07
0.00023598805317829306
0.00020731896641059284
9.709741847242925e-06
0.00011187823557660072
2.779210757086339e-06
6.877671141121833e-07
8.635736482705006e-06
6.603465971946906e-05
1.2767978287623482e-06
2.4847343644590033e-05
0.0002331241314801284
0.00015380874552792663
9.77702728201694e-06
1.302931623843704e-06
0.0003130259013240647
1.477034753265684e-06
0.0002943817895896921
0.0006500647542725395
0.0025744996388172934
1.0485990124060708e-06
1.3546217233335726e-06
8.455815099981042e-06
6.298661568682177e-05
5.296219664482856e-06
0.00028641666234482656
3.427043029366309e-06
4.74612040362724e-06
0.00028285460206765205
0.0001886934390381889
0.0003588325067259806
0.00021960938319664795
0.00023188854276977525
0.00021038796856998434
0.0001442630468382099
2.9939440311228774e-06
1.1991389888172289e-05
1.3782671900892147e-05
3.952667956520919e-05
2.0664032349830735e-06
0.00020787157665573089
1.5227914396637518e-06
0.0002793808515126692
0.0001329530236623598
0.00010448711449917551
0.00012362665515007723
0.00036305567991716753
5.542063324387555e-05
0.00023311844631044944
8.532715720913882e-06
3.6817234343947855e-06
3.3553531134386535e-05
3.285999329671336e-06
8.351313659180582e-05
5.8968913088285046e-06
3.075858681171321e-05
1.8958662017303275e-06
1.0675165382784224e-05
9.495775806786858e-06
0.00018958507207628058
1.641185015807876e-05
0.00012708613065221666
0.0001476265421884847
9.097956508413599e-05
5.011333461733492e-06
0.00022413555659190888
0.002574542757771945
0.0001348258431880795
1.2743070835878897e-05
3.991912061400561e-06
0.0003377266228113613
2.9958949696245134e-05
0.002574350082732227
9.195826936982026e-05
0.00019930077670687516
0.00035309243564718266
-0.0014755950167697298
-0.001743562072872527
-0.002074294693049727
-0.011818805557730619
-0.00013377074556984123
-0.1336748500531146
-0.008010487602931667
-0.012006293215472256
-0.06046188144618155
-0.00798907385369482
-0.005628216065858179
-0.020475340088765667
-0.02566021610535386
-0.04155315822773843
-0.21694505603256845
-0.38255200597285965
0.17938022209293
