5
5
0
80
-0.41817092869795086
0.00022661690527752207
0.00022661690527752207
-0.8829266206118578
0.2663023002659964
-0.4137481082655639
0.7327005481723533
0.15718727300562418
-1.1660342656284353
0.0011953125098852668
0.0011953125098852668
-0.5662633965482744
0.501992717862807
0.9186036526012381
-0.08527348775961438
-0.42163863456992634
-2.0160983385004854
0.0005968490153925783
0.0005968490153925783
0.4452455303543751
0.21908117886244874
0.6738329347995717
-0.2256209174693211
0.6160460842563795
-0.6671183018323106
-0.0004984524027764648
-0.0004984524027764648
-0.1618532943497169
0.777383935901685
-0.3463595693731748
-0.9221151602377056
0.20336564070067792
-1.6480362561601398
7.72516584250394e-05
7.72516584250394e-05
0.971355232314542
0.11176642352290148
0.6400423893782575
0.588119680747297
-0.5992747138845248
-0.4197147874346969
-0.00015149860141863632
-0.00015149860141863632
0.08552920213265276
0.16687400589940743
0.5218851801777638
-0.9302926055069896
-0.1254198055671894
-0.22810557773377696
-0.00031468056440387706
-0.00031468056440387706
-0.05105809568089467
-0.9720790300814716
-0.1832760177688068
-0.3828255225768683
-0.24773144308607292
-0.3152377223676533
-0.00110943876988581
-0.00110943876988581
-0.10600798325365161
-0.019524429393811545
-0.7915508025893766
-0.3074563700392263
0.8018125074237412
0.3980786682659713
-3.5008276509858244e-05
-3.5008276509858244e-05
-0.2522961251915263
-0.060034451663122754
0.10576597393014726
-0.2748307296716314
-0.889878327090343
-1.5754089093636778
-0.0006640882292462591
-0.0006640882292462591
0.21757013797693672
0.8815902000950618
-0.9117647582999412
-0.09778503663111522
0.67984157953955
-0.7895087290990349
-0.000916267602100616
-0.000916267602100616
-0.4825342191647501
0.9405413046797406
-0.7734712063728437
0.3904001551941757
-0.862662797462893
-0.22908821535417112
0.0005411310024003897
0.0005411310024003897
-0.12855167754301314
0.3456809858231975
0.18353812905264902
-0.8882746986243688
-0.46385060325882194
-0.26513008626701423
-0.0007907655001123491
-0.0007907655001123491
-0.42949684723586024
-0.724563577431935
-0.9857647639030384
0.675461399638539
0.18281940659045445
0.043327893375328524
-0.0003044250863199433
-0.0003044250863199433
-0.3516524867976069
-0.3491014801770661
-0.9062788416461753
0.11378667080516242
-0.669706819566687
-1.2763659206008515
0.0010697134762198263
0.0010697134762198263
-0.24735520018415866
-0.5710484051697879
0.19423720597095692
0.605326283559321
0.876086318075062
-1.4378243578273875
-0.0007234509491845459
-0.0007234509491845459
-0.18000639096257226
0.9632728152097111
-0.954109669695789
-0.20291431478003952
-0.24952934573272642
-1.1277680893416926
-7.501054275777986e-05
-7.501054275777986e-05
0.2552995743944128
-0.5456939085630849
0.6310868909170309
0.6497114637806801
0.021546081267737084
-0.9985052602450765
4.7948852886252056e-05
4.7948852886252056e-05
-0.8246410795251401
0.8230922914915983
-0.7547806111414006
0.876744093822201
-0.7901119700796864
-1.5214116633499914
0.0009155467800989656
0.0009155467800989656
-0.3744908562548643
-0.047765233611089
0.8397125924151897
0.6619748737165722
-0.2463656838918031
-0.49977580926855886
-0.0010869305843567087
-0.0010869305843567087
0.5279924206810152
0.018446003939508078
-0.11258639027368038
-0.6883287976933283
-0.7892436716054892
-0.960552589556825
0.0001076606294857568
0.0001076606294857568
-0.35983377015020107
0.884941918103511
0.07869475526079552
0.13361658063027426
-0.5912732801331302
-0.778934884488078
-0.0014461266059197612
-0.0014461266059197612
0.137336564395523
-0.21802296494531972
-0.4748983272687508
-0.9837703806562972
-0.5010959228282025
-1.1464814063707345
-0.00044986416620470995
-0.00044986416620470995
0.6744902274697002
-0.7209643339076556
-0.16619730049636885
0.2882077829699236
0.9330774472198731
-1.6326317990701849
-0.0015595592993585304
-0.0015595592993585304
0.3777066762001703
0.7850369841327681
-0.8102864951869915
-0.6320529156374637
-0.4540207749536894
-0.8857262069310399
-0.000620805825352869
-0.000620805825352869
0.48757612471377176
-0.566673125018351
0.4741585585552835
0.12345745080170419
-0.37711947885577074
-0.4335056269270008
0.0005818760652539763
0.0005818760652539763
-0.4034051458082772
-0.9353737490037134
0.6424609400542203
0.10873129645010723
-0.18998583138186378
-1.1235771850678056
-0.00020080692798976296
-0.00020080692798976296
0.08280098699516053
0.8831898534686811
0.3482706346002765
0.11593688516148819
-0.7827431926271657
-0.21313177636834024
4.8475070510717164e-05
4.8475070510717164e-05
-0.46727646891652364
-0.09941790436199995
-0.714088493610888
-0.4230100886557915
0.8628788515978114
-0.7149177953820551
-7.865915424460413e-05
-7.865915424460413e-05
-0.05421162968508634
-0.747688949901865
0.0874423017236214
0.5023787078434154
0.12919989737049947
-0.21214915178003094
-0.0014094385587460265
-0.0014094385587460265
0.0876685540520261
-0.7862461864881614
-0.40120534365501864
0.005768270692120812
-0.70167334301327
-1.052788211789116
-0.0007622899541826879
-0.0007622899541826879
-0.4763828533438664
0.37494105253894633
-0.6423782093869129
0.36573967461036927
-0.5210976286072577
-1.4050657281201158
0.000745072894022918
0.000745072894022918
-0.1842856672128719
0.84862711394792
0.8689214945418492
-0.391925560771703
-0.2956349673515322
0.29723662812992313
0.00027609283568879976
0.00027609283568879976
0.3006088159038143
0.22354112340746615
-0.28142767336759106
0.07031490148525162
0.17634993065227392
-1.0183389060501988
-0.0002618524326386719
-0.0002618524326386719
0.2793177875820769
1.0125141346446538
-0.5487147608314586
0.5140124589669787
0.24166174592230175
-0.883137556483852
0.0008921055091120004
0.0008921055091120004
-0.26428149167105364
-0.2090453331585719
0.8224175417162054
-0.9335863609184736
0.38843045114446534
-0.576602310244622
6.12617361216296e-05
6.12617361216296e-05
0.7634312213297255
0.6123772833558081
-0.8507332554902662
0.6248429084457485
0.8380897923221036
-1.230271355129763
-0.0006085814183272333
-0.0006085814183272333
0.41441072800310474
0.22511117896023994
0.2999516125975982
0.14558277916578607
-0.9740302808280655
-0.3367997654914665
-0.001239775173439998
-0.001239775173439998
0.33572064398950296
-0.993558731839613
-0.5473784209912519
0.2270927147310006
0.06124948571744325
-1.1927971781143247
0.0004982920985384697
0.0004982920985384697
-0.12913258543715994
0.6335097222422947
0.6437073330825953
-0.03846599661304497
-0.18646020008710965
-0.5480178840635392
0.0004231240072472227
0.0004231240072472227
-0.31137998635481806
-0.7312256462057969
0.6372337660704057
-0.8811929481900338
0.9270428195739618
-0.1671685981307903
-0.0005462089221639603
-0.0005462089221639603
-0.9479238089409527
-0.3891920048876331
-0.6471339589500473
0.8519920242809702
0.7291999757089423
-0.5236841997064783
-0.00020142824872766848
-0.00020142824872766848
0.5827263549895068
0.6366070474447606
-0.22129462635111286
-0.8377598532160897
0.016354961517830426
-1.2643906863346603
0.0003659363373320854
0.0003659363373320854
0.4011898821335771
-0.7171721308169132
0.8649650772914128
0.37835513141352084
-0.5112275677754801
-0.9554833871359066
-0.0002571808960376451
-0.0002571808960376451
-0.7087818761133816
0.7770679117418058
-0.3602706371617285
0.7572193027847546
-0.6441753187381897
-1.439748425248182
6.816863132783401e-05
6.816863132783401e-05
0.7859342176090219
0.29312091820799596
-0.19225804989670942
0.8979093564668795
0.4485243818162922
-0.09366128286889028
-5.153592945193109e-05
-5.153592945193109e-05
-0.24010427818454208
-0.8376127089048724
0.8839253228786431
-0.533178327055515
-0.5617622565589004
-1.0569948687755775
6.913889589241437e-05
6.913889589241437e-05
0.12941848066891565
-0.5398766187689509
0.9849903665695701
-0.7868060076945023
-0.39434830378095526
-0.6710614179178551
0.00023122815151443307
0.00023122815151443307
-0.9913690948332566
0.666334144433768
-0.9700069068237227
0.07879796152085787
0.8439194355823455
-2.505438014918498
0.0007298910192372748
0.0007298910192372748
-0.1659413926846251
0.36632230948215466
1.0505031991234441
0.2067418975039857
0.42775636237506687
-1.6710107893925352
0.0004782222295473113
0.0004782222295473113
0.4077388882789251
0.3806844309970316
0.7891363244174533
-0.906245964718142
0.22755432065788136
-0.0071835006722081015
-0.00021413004912271483
-0.00021413004912271483
-0.9598391877796738
-0.9359187008187106
0.4182432283950237
-0.8319297497432726
0.17572721299892977
-0.12360690434734349
-0.0008945477768913977
-0.0008945477768913977
-0.6989154988609373
0.0006214727537716336
-0.826560576543869
0.42533230055631993
-0.39127766204765657
-0.8948401035582397
0.0002278919212903329
0.0002278919212903329
0.5969139835747428
-0.8671042098277624
0.15793439194021738
-0.7634689212980238
0.5876073534490981
-0.30073953797634284
2.2877391541607592e-05
2.2877391541607592e-05
0.7330510097749228
0.8325997195775431
-0.4007483738530211
0.7623585816508507
0.53007161469672
-0.24777345479567797
-0.0001771105971806913
-0.0001771105971806913
-0.14207217582719875
-0.5507701462759084
0.11020289938498755
-0.5917358866365408
0.08102748747115267
-0.6704008235977077
-3.1425576978370685e-05
-3.1425576978370685e-05
-0.4530618468586131
0.3264970012897328
-0.8071062646294087
-0.7943163094019745
-0.7911772900501542
-2.572325392401063
0.001529678814787386
0.001529678814787386
-0.6291038830493595
0.8621605530051223
0.6757496373509156
-0.021864197798768442
0.6702873131120218
-0.721355498623813
0.0001700954457619132
0.0001700954457619132
-0.6618237304211944
-0.8749682118682246
0.567828017023713
0.5203923858163839
0.43250537761504804
-0.1996089639999177
0.0007599134823681295
0.0007599134823681295
-0.9338634801081194
-0.6799581525456954
0.4059161580438868
-0.4443045689880422
0.08349222972677552
-2.514983862689234
-0.0019160246461236213
-0.0019160246461236213
0.933187265911685
0.8071599530344385
-0.8050033363419361
-0.6363592048394414
-0.9648878974219723
-0.8812754433880511
-0.0004999188807070958
-0.0004999188807070958
0.14856860272405806
0.9377830983182722
-0.6821863719212229
-0.20801765903826708
0.7249903814205597
-1.56311165872665
0.0010669277092649706
0.0010669277092649706
-0.6775075595274904
0.7815867538351101
-0.39477858752035705
0.9356705200934865
0.8625463076650665
-0.9519997893360697
-0.0011115430182779993
-0.0011115430182779993
-0.2343990490069099
0.7048519009744536
-0.8563979103712425
-0.972693336862275
-0.41563764428518446
-1.440636550032599
0.0002814081649944344
0.0002814081649944344
-0.41906725051588345
0.67416150096776
-0.37680319768361137
0.979354796541718
-0.14154271832341905
-0.6161836105944369
0.00015852191191840614
0.00015852191191840614
-0.7429719454058835
0.6411218253600278
-0.13371146573330064
0.3863496245838759
-0.31462253165638626
0.07976590281131592
-1.3924539343417652e-05
-1.3924539343417652e-05
-0.6132224208857066
-0.1667137013565094
0.43784127907917614
-0.7250899709762166
-0.6806227885872198
-0.37313189316145084
2.9690319674540103e-05
2.9690319674540103e-05
-0.02103766588891964
0.10089661103857438
0.6433209483137837
0.5008359338998379
-0.7926728882736054
-0.9170955598780381
-0.00012636832923972407
-0.00012636832923972407
-0.09806531796725323
0.7680794519565242
-0.5365164733052086
0.5584525326781117
0.13853385773289328
-1.2108580391413861
0.0003679000967092104
0.0003679000967092104
0.13955501696217756
0.4010671447618323
0.2817874770854546
-0.0066212343143893316
0.8097626721664415
-0.6526255222656131
0.0006758365483219453
0.0006758365483219453
-0.5300234774737524
-0.3642956724768347
0.8028542473561116
-0.7579376309311852
0.7230187548447048
-0.4120661732268109
0.00010970190669977829
0.00010970190669977829
-0.3333246133243454
0.4794482939945828
-0.7401139504962243
-0.7416479042301971
0.5903628808110016
-1.7146766410153849
-0.0008232931555906613
-0.0008232931555906613
0.8322777994650812
-0.4120095011408538
0.14470613661036966
0.044132115696304666
-0.361959607003159
0.06068053496349978
-0.0006074316400710547
-0.0006074316400710547
-0.15424018967850966
-0.32752077603145713
-0.675465424040732
-0.6052372485481757
-0.25735503367778584
-0.1919061512589575
-0.0001440727043091742
-0.0001440727043091742
-0.5792847504231349
-0.31115701138266394
-0.7337868222616464
0.9873825270473384
0.48005053571237655
-0.0662208879063184
-0.0011902189696687774
-0.0011902189696687774
-0.5401986347595971
-0.25152459735704424
-0.2406202725553265
0.43959665584438357
-0.35922592776811446
-0.9207086519181923
-0.0014843470862723907
-0.0014843470862723907
0.3642516011777537
0.025760316685091315
-0.7378096627569075
-0.9761295225970268
-0.27655246613168477
-0.3477028341916083
0.0004079535657007202
0.0004079535657007202
-0.7139238967346865
-0.09596019835046965
0.055493647279718436
-0.4557745772674693
0.47706751561639515
-0.18774304521006208
0.0004193672802744121
0.0004193672802744121
-0.8542153639897756
-0.7582977137126989
-0.6066148248427896
0.7172241792649235
0.013867543974572797
-1.0549874104013648
-9.341615215357772e-05
-9.341615215357772e-05
0.9018707763063466
0.924483260860443
-0.3915913102861474
0.2140878381469658
-0.06438326537176198
-0.14586406136720032
-0.0002461653852129504
-0.0002461653852129504
-0.058382638467761594
0.1021285424468931
0.3532097907607868
0.5397699142262765
-0.512254406489349
-0.017081842032640876
-5.384686363206494e-06
-5.384686363206494e-06
0.029192301658879292
-1.3512989820883095
-0.8546810202519037
-0.897773278092849
-2.2852425665351315
1.2521550847809806
-0.6737393774856594
0.9508611732389702
1.9530121120508683
-3.6979732865233097
2.62369539770326
-1.0648752977929088
0.9143681050369744
0.3303852748390424
2.0192716257038166
-1.7056575589092347
-0.039582888590169035
-0.318518424339459
-0.5815760093373612
-0.6908481083885158
-1.0840365766018483
-4.477806876749015
0.7333823795772858
-2.9666480734024527
-2.8986717426136237
3.3555887303618537
-2.0854541430388083
-0.39405644489208547
3.5055908002417295
-1.172469196496654
-3.414492966983964
-1.388846659160186
1.7926814019754351
0.10683566711100194
-2.720524297238586
0.07972807761660967
-5.2351774749635664
0.14092174587609127
-0.19000250914474548
3.3646572574540894
2.3996307549493254
0.4821289718965572
-1.16862175822712
0.322665007460666
-0.6346086216838919
2.929348102088641
-0.23624002784674536
-0.6425949102961271
0.06868317259018304
-1.5857077323410305
1.2827817803860246
-2.0462047013128357
0.8642330171170979
2.431442316500645
3.0558937714622734
-1.5014171012993245
-3.507948074576173
2.0371951177792416
3.392537169759745
-6.55282246869535
-1.6840053386033806
-0.8089196841458335
-5.168973236534941
-0.610527766881576
2.4592221501489866
2.335771429483074
-0.5575303577522341
-0.03605175840402677
1.6703119285433572
1.224005689039395
-1.6962249507977878
-3.7200897658909207
-0.21668999092848595
0.7676443359475404
1.43875930380625
-5.517796062328985
2.739712172425522
2.722017075386988
-1.3592242502707588
0.3882385105838432
-0.0952611712240446
-5.151334685366391e-07
-5.151334685366391e-07
-0.18339574396044397
-0.9308505620049571
-1.944435023721646
0.9527505387840067
-1.2535825819884772
1.0035808363959906
0.8990259786909127
1.2354820695762196
0.2791265848890101
1.0067668221470487
0.690136224522738
0.29989219077820595
1.6110752682372713
0.8742860348114694
-0.40323541891054654
1.4259102323965587
-2.192068274264237
1.1015793417952944
-1.6346860207177827
0.11612103842752501
-0.061197265150091336
1.6798856167345755
-0.6572435003821059
1.9616651756127421
-1.1626945004260132
0.7837099123043015
-0.7194335104163644
1.5289762053802058
0.2485117872072066
0.7241047199581683
2.2200178389320655
-0.48256794216410853
-1.1209100175391653
0.3207014608512126
0.8099887234330261
-1.2031608724189111
-0.4492469460813809
1.4019779566626445
0.00724306143818097
0.49908248826033147
1.1391762794782019
0.25823706135830893
-2.166289031517695
0.6897260692747272
-1.427655314158193
1.1282606644174775
-0.6048188299528647
1.2717001752271822
-1.551004757213074
-1.6755846084253212
1.1650555603967439
1.0464119493711623
-0.15982981665751209
-0.5270356853366045
0.8543589757713419
2.4886728208357707
-1.7204351544857566
-1.4577508642976857
1.436108217052773
0.7720155014653813
-0.3479552145861397
0.2673087313066224
1.836437304540149
-0.7929520194542437
1.0913766566374261
0.6375420435977425
-0.5151867816905554
-0.1293118057157712
-0.7999996216638965
-1.0729914813373513
0.7054088445210626
-0.8742185444558843
1.0103632307225268
0.17358657615901707
0.808195944532803
1.4321188536005547
1.5150205907897227
1.8095193380137098
-0.600790038267487
-0.3078213875131233
-0.12737546666740981
-0.0003545478430660399
-0.0003545478430660399
-2.3394997618039906
-1.610826281964921
-0.15771098803381894
0.6205724918971486
0.9886718460258087
1.537209186652388
0.36267743984930706
0.342965971949549
-0.08238591396676433
-0.44152203991999256
-0.7400518920393292
-0.5397402839606809
0.6331929865798032
-0.12840854769198584
-1.5860398570400032
-1.5981595707510547
-0.10120516989891665
-2.2870047587620266
-0.27780108675174875
0.8187549067207562
-0.5024569223709054
1.3941826760893283
1.6023662572841035
0.5089688776504161
1.6611102429562874
0.5783426072542747
0.07571941276344617
-0.6492693564821077
1.0352763840701709
1.7099043212632026
-0.34334396362390435
-1.176759610917213
-0.7886711621940116
-0.14690135861560635
1.3148723197613652
0.17000297816749546
0.7462498757342013
1.0061736748754824
-1.0605610560807404
-0.05956875064629578
-0.23967241063032907
1.229636146083068
0.45344167478043257
-2.0078265004114915
0.12258523119561614
0.593814315438826
2.1427707575686674
-1.7325200165205838
-1.70226143136911
-0.148437542072445
-0.1117027343358421
-1.096141275552414
1.1903575041570855
-0.44746575389400606
1.1163716901257112
-0.24962046241683597
-2.672478485833778
0.2434040215118556
-0.2017114147472711
1.2945828448845629
-0.07836592614250809
-3.769525594668165
-0.1977562741318526
-2.2248477939197655
-1.1261569589588631
-0.3571639300319265
-0.8142609474937114
-0.9185396085237091
-1.1386256036317641
0.4850702867755003
-0.16426938716940406
2.3115949458447083
0.03446912721923448
-1.6920956254285546
0.34719143977947037
0.9822193530168111
0.14081354046742295
-0.46649320290473034
0.9893743779006015
0.37882689090587757
-0.17214860272110913
-0.0003448664620644351
-0.0003448664620644351
0.015167424023765065
-1.1576470319879322
-1.2296336121488496
0.6701430271468065
-0.15000297353947595
-1.0847375003420052
0.10042113908551292
0.279837635318496
-0.82685534376411
1.7291528235062252
1.449677609962828
-0.2509283294398763
0.33504489648272173
-0.599792115273729
-0.7099823822815298
1.6095370191783736
0.036155670913261016
1.1335247809639029
-0.2754725520124486
-0.09891277356585848
1.1164789974931928
0.519530907772247
-1.528737720235448
1.0447360514006072
-0.25543693795432226
-2.175461700768818
1.1578888066089603
-1.627445035898695
-0.7545303482072637
-0.6142753747213253
1.5685218532823777
-0.5546040852763268
-0.6885972358333193
1.401764227288464
-2.387042920603702
-0.11115092078309956
0.9792271325112683
-0.7009499510891584
0.3506907060398433
-1.4107327375260403
-1.3802848256281737
0.34890528548041766
-0.15374658123491175
0.8716947964762548
0.27033048599620535
-2.1958171903295107
-1.82122615602633
0.6005603763318763
-0.1853925503532271
0.08367013133749056
-0.2857934290274283
0.45152939167951045
-2.3588102613795003
-0.62698786799076
-1.6225985431439665
-0.11153774187965862
0.15408119058822917
-1.9302410905469165
-1.7977202857140542
2.130121005305058
1.3411279685117887
-0.5640797212980802
0.5385154947974854
1.1136301512448208
0.17109019675889978
-0.12676782993398322
0.792428733213324
0.8038588215687583
-0.9069895707468618
-2.6451087251778462
-0.2611348184407161
0.2052435955636256
-1.1705799011611129
-0.9372352609870379
0.7401273345466699
-0.32342363584616185
-1.8556817680056257
-1.2584714435270132
0.6183078597930245
0.5754440741176964
-0.2606375682467337
0.0005294206039977384
0.0005294206039977384
-1.113028653334145
1.0340590206805969
1.0458932379830048
-0.18795574778661336
0.9275584108959075
-0.04736471527741886
-0.29402705158495285
-1.7463364618514694
-0.6452177576738123
-0.5885811861795128
-1.2892217815845313
0.6121440967190809
-0.8427308399731885
-1.0483581884690711
0.6608448511486668
-1.4180408400989597
-0.24042460929580037
-0.7039962859420972
1.6736240355162109
-1.7333432563622329
0.62436434000389
-1.5095203694897805
-0.922113925430587
-1.9942531509870114
-0.4900760642667631
0.13421848157399438
0.1560449683935678
-1.4046277528087086
0.08282393155415141
-1.9397891351287058
-0.6887787698838775
1.2747971815338663
0.10021763294248123
-0.14643670552063973
1.1884660245783372
0.3967499057004783
-0.311066645344339
-2.1488837279687836
1.106490231040861
-0.07543396043849228
-2.0754636084816847
0.4466046676848064
1.0192350658630653
-1.27750355338013
0.5688019274518585
-1.103756850551976
0.386307538436328
-0.33298484452784005
0.708748801115191
1.391995248436247
-0.652055755315779
-2.1555351242925775
-0.2748131381811152
-0.3116493662838441
-0.6207816821286446
-0.3120543563817627
1.6489502990607663
-0.7429685119969075
0.17284487754835073
-1.4592557285071261
-0.5439600014343731
-0.5916367819743763
-1.9381355204375712
-0.19779472256545658
-0.2940261237126745
-0.3242539140662038
0.06269043070687111
-0.39518273760378575
0.04909510235463776
0.025893225183923244
-0.08342624210260706
-0.036914191914504874
-1.892861248185869
-2.0139281927341632
-1.5665012664455766
-2.4247771785622776
-0.2930209458335938
-0.3097068925510721
0.5246663215262343
-0.14903577026710016
2.386008599221648e-06
2.2976818399269314e-06
2.409851643934015e-06
1.1709798550323215e-06
1.1801540621677222e-06
5.7647755033148754e-05
0.00014319402972364303
0.00020081623201411531
9.117462428751311e-05
0.0002429852764361396
0.0001555084177532483
1.7797118471954377e-05
5.67440707838009e-05
8.600832747265324e-05
9.381737401009344e-05
4.3146022444717664e-05
0.00010171658184121537
1.200067421707577e-05
1.2010909582428847e-05
7.956417977049475e-05
3.081339539423572e-05
0.0001598100028404282
2.7960079748593552e-05
0.00012116171811381928
8.214290011787935e-05
0.0001261771594917795
1.4664180475873995e-05
0.00012146032086596712
3.635614770062112e-05
0.00012535302470575313
5.013235402302307e-05
0.00019356307481444818
3.497223316563651e-05
6.267429785744151e-05
2.0055211528730896e-05
2.317316525450268e-05
0.00020016048856668066
0.0002193366648186217
0.00021467530736055457
0.00010125907268873651
0.00025275139131420153
0.00012918089459529948
3.299172554457861e-05
0.0001966168424416865
7.423178873483079e-05
2.9703245592387976e-05
0.00018873294534370874
0.00012568045822278052
5.971220842581329e-05
0.0002374602202572219
6.631632691675057e-05
8.175919019899081e-05
3.123378499704969e-05
0.00016864707091011818
0.00018947235358736118
1.392381063150412e-05
1.855163058402492e-05
7.256322011139427e-05
0.00028937102932721006
4.957475514941348e-05
7.649814303613208e-06
0.00011681385274465157
5.5265050622732514e-05
2.242820443172531e-05
2.7378507503031923e-05
0.00016845001771109263
0.00010962206708853366
1.6695414949924615e-05
8.332373381825974e-05
8.229293814546804e-05
4.792978933638033e-05
0.0002007634729690104
0.00014220558555421727
0.00021734555805867417
9.549305152830291e-05
5.141079769486559e-05
8.397881490347474e-05
2.0058315628157985e-05
4.579713911769452e-05
4.4726700949941284e-05
2.1292272527715698e-05
5.068723222149399e-05
1.0273296363065065e-05
0.0002510204556241028
0.00019591836875686622
5.7647755033148754e-05
0.00014319402972364303
0.00020081623201411531
9.117462428751311e-05
0.0002429852764361396
0.0001555084177532483
1.7797118471954377e-05
5.67440707838009e-05
8.600832747265324e-05
9.381737401009344e-05
4.3146022444717664e-05
0.00010171658184121537
1.200067421707577e-05
1.2010909582428847e-05
7.956417977049475e-05
3.081339539423572e-05
0.0001598100028404282
2.7960079748593552e-05
0.00012116171811381928
8.214290011787935e-05
0.0001261771594917795
1.4664180475873995e-05
0.00012146032086596712
3.635614770062112e-05
0.00012535302470575313
5.013235402302307e-05
0.00019356307481444818
3.497223316563651e-05
6.267429785744151e-05
2.0055211528730896e-05
2.317316525450268e-05
0.00020016048856668066
0.0002193366648186217
0.00021467530736055457
0.00010125907268873651
0.00025275139131420153
0.00012918089459529948
3.299172554457861e-05
0.0001966168424416865
7.423178873483079e-05
2.9703245592387976e-05
0.00018873294534370874
0.00012568045822278052
5.971220842581329e-05
0.0002374602202572219
6.631632691675057e-05
8.175919019899081e-05
3.123378499704969e-05
0.00016864707091011818
0.00018947235358736118
1.392381063150412e-05
1.855163058402492e-05
7.256322011139427e-05
0.00028937102932721006
4.957475514941348e-05
7.649814303613208e-06
0.00011681385274465157
5.5265050622732514e-05
2.242820443172531e-05
2.7378507503031923e-05
0.00016845001771109263
0.00010962206708853366
1.6695414949924615e-05
8.332373381825974e-05
8.229293814546804e-05
4.792978933638033e-05
0.0002007634729690104
0.00014220558555421727
0.00021734555805867417
9.549305152830291e-05
5.141079769486559e-05
8.397881490347474e-05
2.0058315628157985e-05
4.579713911769452e-05
4.4726700949941284e-05
2.1292272527715698e-05
5.068723222149399e-05
1.0273296363065065e-05
0.0002510204556241028
0.00019591836875686622
-0.0004487238636005411
-4.292778904471993e-05
-0.02954565358883666
-0.028738871838702926
0.044118383666478196
