4
6
0
80
-1.1640890002272701
0.0022844809654536187
0.0022844809654536187
-0.8779247990311363
0.2843426431337693
-0.6288159497085728
0.9716821834830697
-0.9027303064161182
0.0020919195603921223
0.0020919195603921223
-0.516410049339622
-0.6382083056551972
0.2751414697406119
-0.3664779177871706
-1.951014676377897
-0.000909550107107453
-0.000909550107107453
0.4317386019437274
0.6173954941488627
-0.4454848514087827
-0.5622193157039559
-1.0341247978076615
-0.001656412353891748
-0.001656412353891748
0.004929822391108593
-0.7533892271126684
-0.6553021604849955
0.03965704282595443
-2.4920706219279736
-0.002553179454529611
-0.002553179454529611
0.08598183319163245
0.787893425463124
-0.34364840723045714
0.39550326142067
-0.620719710061404
0.001044774025342544
0.001044774025342544
-0.9933274917540642
0.34586804958591294
-0.48144451603795096
-0.6731826504179043
0.15095496744225517
-0.0012072306610424236
-0.0012072306610424236
0.5273370847784257
0.26848749308570363
-0.019101010745308258
0.551251870858406
-2.2556222607620677
0.0026082383884777458
0.0026082383884777458
0.754146593055097
-0.7086179753865409
0.4886681183899134
0.2666887772110441
-0.5430710750887882
-6.204889021262878e-05
-6.204889021262878e-05
0.20007343632207455
0.23236981798607376
0.31271177413639417
-0.024061722464511624
-1.113049768446643
0.0006538075746909996
0.0006538075746909996
-0.796301054560858
-0.7679048401100826
-0.11761021430915426
0.05324929128651345
-0.2206479689515132
-0.0030412283368478907
-0.0030412283368478907
-0.5088096339605042
-0.3010930484794261
-0.610641840454722
-0.07714580812231485
-1.4489662934595364
0.0014630447954082125
0.0014630447954082125
-0.6158277881318893
0.3487366812908533
-0.5139339603618095
-0.014689514703730838
0.26953783957750765
-0.0002280313798584036
-0.0002280313798584036
0.5590678472324088
0.1897468098779005
-0.09529733795756344
-0.7728751669870767
-1.5787875403285074
-0.004061632838312012
-0.004061632838312012
-0.15120148442190448
-0.33839042717645085
0.7650498215856418
0.11184579450981236
-2.351504956470387
-0.003929117487713839
-0.003929117487713839
0.808830982017151
-0.16149023997690617
-0.05080597322557807
-0.12450686686300362
-0.22108661375171829
-0.0012595932509566164
-0.0012595932509566164
0.06710323870606714
-0.14504370882192663
0.5453025713026116
-0.19001539172091292
-0.28726541635555347
-0.002019974875988674
-0.002019974875988674
-0.8286569611154574
-0.2233108043630154
-0.3318789149150332
0.7488627784402767
-0.9402340577559228
0.004311714032234884
0.004311714032234884
-0.6883763527407131
-0.11375747908701055
-0.6534950318920146
0.07761240001996136
-1.08523574085544
-0.0011766677486754443
-0.0011766677486754443
-0.26554084503378345
-0.12969741330016532
0.4780515215968752
-0.6533981806145663
-2.048957771198591
-0.0057376555359317395
-0.0057376555359317395
0.010868456551847566
8.571899328421041e-05
0.5611228492739675
-0.8447203845721768
-0.292486525966727
0.0014522311506777734
0.0014522311506777734
0.1390117679422692
0.854293448058255
-0.6945690509282474
-0.24765110321039643
-2.1197453247820555
0.0011221701864383648
0.0011221701864383648
-0.9704879782727781
0.47240579674459604
0.36566184712220545
0.6892927412561037
-1.856394349400642
0.006836321570624771
0.006836321570624771
0.37075743891381135
-0.4824472564448456
0.20446425502068666
0.4094323431131833
-0.897155489679786
-0.0021476533897723154
-0.0021476533897723154
-0.7864311201640184
-0.4926286396782381
0.22814025144546535
0.5138943930835351
-0.675569313071129
0.005377320698833906
0.005377320698833906
-0.2388559160097424
-0.2660650843810728
0.5755342687280118
-0.35499050698730444
-3.3503507165303574
-0.004796516840041591
-0.004796516840041591
-0.02597785345702977
0.7680640433435988
0.5021716150370537
0.17840813932541855
0.16545347042620648
-0.0017758914387065352
-0.0017758914387065352
-0.15382017997956438
-0.42689066080002935
0.6833518086176318
0.226487346952655
-0.5289182907912088
0.0004734785308384593
0.0004734785308384593
-0.6163281378759715
-0.5054014266052724
0.22034583985719342
0.12802124385287778
-0.7664061735544745
0.00448898265922357
0.00448898265922357
-0.7278201987215516
-0.4211772061411204
-0.9550932403377718
-0.11307927475576644
1.5618813783286114
-0.0040475535679009595
-0.0040475535679009595
-0.5049306180585721
-0.8922284921047465
-0.06950857487082569
-0.2890655513977606
-2.611722843958721
0.0055440032560536675
0.0055440032560536675
0.8997755081131034
-0.5791460996201212
0.7029182261801383
-0.020452406707105342
-0.8690307465068543
-0.00386697524624565
-0.00386697524624565
-0.8692119193513359
-0.7257036000593375
-0.22156904865437002
-0.7967745370405978
-1.4229947706628405
0.0028329958818832618
0.0028329958818832618
0.7853857643484198
-0.8574789718634329
-0.5256786061248008
-0.2045209513579508
-2.5876943859016155
0.0010529509488288258
0.0010529509488288258
-0.09917327313149635
0.5389729645664206
0.8315788966065265
-0.8852890642585785
-2.2150581770634963
-0.0005488085081690184
-0.0005488085081690184
0.6991418867646196
-0.7550254595991988
0.6496236120883727
-0.8389094417051686
-0.3042747916384538
-0.006168183941348599
-0.006168183941348599
0.10404861900397296
-0.846963610451427
-0.5505339941818892
-0.9068089334065867
2.5031230945764325
0.0007122734782768279
0.0007122734782768279
-0.2241127834071312
-0.07180748831640545
-0.90278297955137
0.48197546415879283
-2.855066169068352
-0.0019188164257627999
-0.0019188164257627999
0.8910282199761911
-0.4115629300192633
0.8931960849911009
0.2080039318673965
-1.7763260365483369
0.001675563076494698
0.001675563076494698
0.35001419643783027
0.07773911474821107
-0.7688046938214856
0.7695939790538554
-1.79231647877399
0.005692385166554632
0.005692385166554632
0.10743966264939188
-0.6669154802543791
0.8924632520747682
0.28935033966228285
-2.2096581655592136
-0.005664466371161019
-0.005664466371161019
0.03728297210030602
0.9243195060660262
-0.2502646519116367
-0.13278194969198492
-2.2964978891196175
0.0016313781214283081
0.0016313781214283081
0.6210507235496775
-0.9332019868759446
-0.5934491892897201
0.14957204753140735
-2.5051952923337226
-0.004454011452359022
-0.004454011452359022
0.14035742248575933
-0.025326465938346584
0.21922471369008606
-0.9889543318968915
-2.553747375883456
-0.00021495381559343793
-0.00021495381559343793
0.4378403893001675
-0.14077659290242553
0.5668649305619878
-0.4111327421990555
-1.3322879529443175
0.0017131367345768979
0.0017131367345768979
0.09479094242354419
-0.8927803925014913
-0.9500012763932723
0.4260055272323534
-0.6539569058585357
-0.00015907911856678542
-0.00015907911856678542
-0.7296097983145353
-0.8873112923832897
-0.6998006489477017
0.56911615924035
-0.7561729985458376
0.0025347938121255257
0.0025347938121255257
-0.8821158340132944
-0.7825753909729651
0.9435986221385998
-0.9318375994499801
-0.9504717537070321
0.001626801172551803
0.001626801172551803
0.5316600131738306
0.3751453008505866
-0.5019649022185685
0.25085212328801454
-1.1867742481027446
0.0024315120050974743
0.0024315120050974743
-0.3722714258511538
0.3379773104895028
-0.21907360113636107
0.5478912584802332
-1.8112768035388036
-0.0025274283597198246
-0.0025274283597198246
0.876789486563135
0.6295697578868121
0.9110686911551215
0.3724290742667455
-0.8093729848554703
-0.0034308744479186843
-0.0034308744479186843
-0.9459898806614002
-0.6364606117329082
-0.12498943254264683
-0.7337372287414236
-0.30137564856231813
-0.0032631254881377667
-0.0032631254881377667
0.0799513632137511
-0.21842776001852027
-0.8543177642042202
0.3934372815558617
-1.8077082307902927
0.0008844431883818285
0.0008844431883818285
0.03677934344525734
-0.2762305661004587
0.39913929100264417
-0.8835406313935491
-1.7554898792829277
-0.0036736592123420156
-0.0036736592123420156
-0.2999341050993968
0.6273909037277746
-0.23428761145069635
-0.9809736437557262
-2.0435747257785133
-0.0030164506748759164
-0.0030164506748759164
0.5489716248831735
0.8670215411378822
-0.0391656543653929
0.7134263436907157
-1.8934874859942505
-0.004459018910219787
-0.004459018910219787
-0.5837145119477691
-0.12250770389448375
0.39378051681670373
-0.625914620044903
-1.9454242554895786
0.0015414766639238295
0.0015414766639238295
0.8318668117466247
0.8474988667802754
0.5448968069606587
0.2994489741455496
2.2978576972793268
0.0002064188860390745
0.0002064188860390745
-0.08508394406079406
-0.38385069309399816
-0.5182634997649925
0.2544973770242442
0.26735602332285735
-0.004003954038609712
-0.004003954038609712
-0.5347580120433039
-0.44941958697486317
-0.8372862771780865
0.7654189459430293
-0.8662200985461588
-0.0009029947234881213
-0.0009029947234881213
-0.6742223924419863
0.6512189497875844
-0.9891327625923578
-0.2956567377319481
-0.6926577482493426
0.0034835885507088714
0.0034835885507088714
-0.38758769757701506
-0.60066003090066
-0.8839925960963517
-0.7257704854298286
-1.372419607425955
-7.231925830427112e-05
-7.231925830427112e-05
-0.343412712187045
-0.9487991832484042
-0.08708315016059727
0.9652201864889236
-0.9323101064478637
-0.003437053617639979
-0.003437053617639979
-0.20298709579946955
0.3842980330262429
-0.7356814409129494
0.5215733370036243
-0.4658469031433124
-0.0004081304934338125
-0.0004081304934338125
-0.3803386359896872
-0.03394947190452287
-0.8078520534091984
-0.5047285189475765
-2.824628714009423
0.0037181920546493835
0.0037181920546493835
0.6594900865685636
-0.2934034409982896
-0.08300143941724498
0.9813136925338433
-0.9315702762681686
0.0038348889530077706
0.0038348889530077706
0.38768688810848134
-0.05166942815362135
-0.980509490309138
-0.5245653396856872
-2.5256719986242695
-0.0006728030572835267
-0.0006728030572835267
0.5404616607366428
0.7603632355772066
0.10030607040976718
0.3725444396526177
-2.1367604073419377
0.00854622215095992
0.00854622215095992
0.9836732289898019
-0.055587529396918925
-0.12238601496849176
0.3501404980461281
-0.8738901051122033
0.00961373773034999
0.00961373773034999
0.2800052096865052
-0.5031101221457096
0.3249215348120799
-0.5866083467967326
-2.4734366656269344
0.006063164502114939
0.006063164502114939
0.950354007031397
0.02663932502928005
-0.8297180282163087
0.47646508797287906
-1.1496901524148027
-0.009824921903569307
-0.009824921903569307
-0.806071567314314
-0.9432696298630284
-0.3495403283087904
-0.6170265930156771
-3.337817684479359
-0.005471181898347688
-0.005471181898347688
-0.37271329565605843
0.7212752995692769
0.36060322415188834
0.670071867164911
-2.5843262799051554
-0.0015431604324659546
-0.0015431604324659546
0.6364523704394985
0.8324479281447108
-0.9660879296802485
-0.8212054814894975
-3.414238574305016
-0.002692347612632643
-0.002692347612632643
-0.4633346526249122
0.8081942010083467
0.5099410021805412
0.6558157540863049
-0.8033278283788797
0.0026980003914559157
0.0026980003914559157
0.3590953316474557
0.1939858067976852
-0.5383094801668515
-0.16207971774244073
-1.1812773918040376
-0.00035483868928712597
-0.00035483868928712597
-0.6009199607025143
0.5793380011646969
-0.8622228038170001
0.4337290643195919
-0.5683862158537601
-0.0006333679414673983
-0.0006333679414673983
0.17610790370245946
-0.4008326626375045
-0.05171462798164042
0.18695592096989103
-0.5832862255078463
-0.003582698846960691
-0.003582698846960691
-0.5520921162786375
-0.582800400886567
0.4806842347177947
0.44092455610863857
-1.0591107410508063
0.004113316949973264
0.004113316949973264
-0.07784468820697858
-0.7362619109964824
0.13107898672431376
0.5168086922500531
-2.4261667676504155
0.008023493945339974
0.008023493945339974
0.9794094339577045
-0.8499924207184637
-0.2688589097440732
0.49879721294077806
-0.4651052442021832
-0.00015959439357354473
-0.00015959439357354473
-5.007500329302586
-0.24156844131155736
-0.30846043213595503
-5.608306460731969
-1.4345111378928048
2.327627610504507
1.2483264858190077
-1.2797279852368262
0.30964064954946074
0.8421291516170205
-1.310065997897276
3.0852478338908105
-2.045504426874299
3.536466426655354
2.818217337596272
-0.2869928972056851
-0.5790185658256984
-2.903275393504187
1.5810966457027846
2.182543630823402
-6.733546281256687
-4.309278878019509
-9.297847156092834
-5.4479356094576445
1.164074843553246
0.10640534156585657
3.614127963294094
1.3210470525341036
-2.6654988247106552
6.232627609112928
0.486457041062906
0.6003913927326989
-9.740336068106506
1.6150645100920944
0.6166225518764167
-3.5733745166878
3.077430368692916
-0.5976665181216845
-6.136005058058089
-4.033140664466443
-0.10357300988239648
0.40655491449512793
1.1769941709801188
2.372543242519403
-0.3821560477678821
-7.112373715163798
2.545119737997748
1.7827511819492181
0.3261573723028407
2.741923347875229
0.19724540735063537
-0.060228035081198554
1.9138864407869578
1.813134785392634
-1.678490504674249
4.436117763518957
0.96862961301755
6.363008642068737
-0.25182992875464083
-1.4049989452270266
-3.7050588917900877
-6.6153382023955745
-3.1037444221105193
0.9534546406037553
-1.1182479510778844
-2.55866251787936
1.2539862315636954
-3.3080477016930474
-0.3383922440149514
-8.92862906226894
-1.0531548029941742
-1.8129047626498025
-2.976265883570117
-1.4497609483357274
0.07210950044993564
-1.0223245395595024
-1.9899818001801146
-1.0565590829348692
0.5104560921291255
-9.14202631635561
-0.31462243712140503
-0.004146852653245688
-0.004146852653245688
-1.475707843326601
-0.8474511865535923
-0.8345666662339016
0.9664727608868744
-1.7443742818147225
-1.5857798849466647
0.04474080638595324
1.1729363955744905
0.0276452787241232
0.5192463211653878
-0.704470068026359
-1.8778389762262324
1.3272679950459576
-0.8217387517624823
1.063938880649101
0.3539742435822449
-0.7979978275702795
-1.0367413586864163
-1.0508999254262132
0.5906724253505955
-2.336084699695075
-2.9185098125157682
1.1231625114176698
-0.9428020742588497
-0.8913512584954413
-0.6194908869117983
-0.4799775892123828
-0.6863429793604606
-0.6326780280226356
0.23963098516915024
1.0505015835788325
-0.5181343544241045
3.1681487192034448
-1.4335846050768257
1.6658747887000351
0.7398123577385824
-0.4214047697265057
1.6928890910535463
0.30738612388845427
0.0958449617751537
-1.013372407009017
2.0549821564003605
0.7245513816011658
0.5158393580781477
1.899147777697712
-0.7273249331935926
-1.3097487126157321
0.16189917506445053
-2.304164623931135
0.208896211271225
-1.0314918451661628
0.42513316495279885
0.9155002237994573
-1.1362557038209042
0.33662379339058335
-0.8700862041152049
-0.15206117092068328
-0.18328305536341255
0.505546060510618
-0.6865981654760284
-0.4072484771131611
1.1671315583230808
-1.455392643983857
-1.3109331297061733
1.4327166961428701
0.026725892804097172
-1.330423058316945
-0.055785401728977925
0.15596341025101265
1.3225605379142475
0.32535850379065895
-1.6132026818192666
-0.8789576935060434
-1.8224494338754162
-0.5044400200947702
-0.9528985903047656
0.9027093528007201
-0.745198208584373
0.6160521934697947
2.1698037540959265
-0.5605908637942556
-1.580475276607261e-05
-1.580475276607261e-05
1.132121945000911
1.6681801544764467
-1.0367094030242365
1.8863995663071316
-0.7664803306685593
0.8702418692903057
-0.8016881179829763
-0.6093656729136507
-0.6875872116831928
2.0225619630369214
0.6499148592902355
1.2026914201361618
-0.5073319162881872
0.6527509170153566
0.21746036333655916
-0.6133044610221787
0.39699398194536667
1.6656610267012129
-0.6839445761126318
-1.128240310816667
-1.1776393079841845
0.28444409074153554
-0.0633233030448057
1.6959804083980254
0.2766543908654929
-0.8021236274866302
-1.003914616261136
1.3036851278285106
2.051421215005428
1.2365193853991394
-0.930416824086422
1.9023544425201293
-0.18902697567020454
-0.9482880394673892
-0.8197447885393729
0.03251677085307096
0.4638740852651863
-0.9365469912705804
0.04558121396215993
-0.752313586350903
-1.3530424357895114
0.20010810023636327
0.7439219844947896
-0.6895819699597252
1.017300584531765
0.5961896954537075
1.1858079332345668
-1.0921837196747168
0.4050714957021617
-1.3061234751913362
1.535993207861421
0.19878351478935904
0.4900800226439597
-0.5899855384712287
-1.8571545481157918
0.3494192757811282
-2.2504123937016973
0.5436553194495347
0.5375284315685318
1.1758382891126526
1.957661229565677
1.7788090706595212
0.30309239451498343
1.0441508784847584
0.04166159095898011
0.4954373983972121
-1.5484518596583083
-0.5478796231962814
0.14136160787315155
-1.1809732111132758
2.1153138980572983
-0.6353860115843022
-1.203941835106361
-1.427948104587542
-0.4003416594003604
1.630972454412967
-0.3553266689006055
-0.0025444085716546587
1.056590049565002
-1.0246467377424167
-0.0035427530142481847
-0.000191465024965303
-0.000191465024965303
0.35986125444341854
-0.8497959852191017
-0.8479544018904391
-0.8247883549762113
1.8450772772386912
0.12722626163815146
0.4956561532344516
-0.32488169515316406
-0.17390208076836522
-1.057294385141354
-0.28326693456665625
0.05088323702743519
-1.0807360016712053
-0.04359932612725639
-0.09753182958269992
0.958544935948871
0.8697313233359476
-0.9830684477123556
-1.1370568246919202
-0.7837720598170999
-1.1350628462883896
2.0980840389131226
1.0619969164203389
0.23497362099004265
-0.5103193613946801
2.2083639264385773
-0.048957494117820514
-0.4828360708252927
-1.5427948797214142
-1.8898480748105992
-0.2843900801321381
-0.10528788397459748
-2.791395541190377
0.9341151774222665
-0.8616583046738153
-0.9594108113517658
-0.3873083310371791
0.7331850023248098
0.6704634269363143
1.997861547534407
-0.48093789081093946
-1.7249854860120764
-1.7225749849992475
-0.04927155684520675
-1.190790065427541
-1.5009726588991945
0.2425785750283962
-0.6979531326917459
0.579626993359066
0.34493733860199227
-1.027760403504596
-0.5119719672689163
-1.1495174506668606
-2.0340547348100344
1.3007342467947791
-1.6763607328056456
-0.30028018455665906
-1.974977317017829
-0.9791153116724518
-0.23870630940473836
-1.4492923118583527
0.8169216929334117
-0.2648162003211799
-1.6602296654938813
1.1453461983037996
-1.3859248430333007
1.7436603508729338
-0.2982892216519162
-2.042844336305457
-0.258440320933983
-0.3114771575204417
2.3708447032416378
-1.7323115586439202
1.2201572310763096
-1.2431722836451253
-0.5949180178437569
0.24133413975055443
1.0371438868042584
0.4163073446593284
-0.22559861858713012
-0.5031230666829529
-0.00019163233460235153
-0.00019163233460235153
-1.1773995179568741
-0.16368684278663304
1.724525258447733
-0.30938449097691345
0.5830467423020107
0.516880319497247
-0.46108770257897985
-1.9237845535173317
0.6082115440998314
-0.9644618702682166
-0.884970504589628
1.0738530035069815
1.9794678489990787
-1.1117134159045214
-0.7237281223076316
-0.07338683130455904
-0.2657030562450706
0.2910654184029523
0.2970307040578886
0.048674059766062136
2.8997278158971396
-0.8893790994781595
-2.3037895091313407
-2.5559853653976554
-2.0612752746753036
0.8548188923598726
-1.9875554567800995
-0.49701459097754047
-0.7215173252975454
-0.35602331438180806
-0.6982186953040401
-0.41201574746478586
-0.23890828171457143
0.9799138718347116
-0.5785665514412058
0.5429845391193207
-0.15887199827878118
-1.530439334340795
0.23989359295952697
-2.2792864782344737
1.2426527751533463
-0.6707076676014703
1.1650072227129444
0.013400567438096691
-1.5378419501589622
-0.4752895811887071
-1.2137437037778518
0.7589923546226673
-0.3731084770775389
0.4396964725915357
0.42618887638169967
0.8027038712259466
-1.3594311720896306
0.8109283809810464
-0.07726166724749813
-0.4913422814123729
0.5812068523715881
-1.5077391375719633
-1.2534513409135806
0.39039496123072326
0.11066599327765177
-2.313581812674588
0.05170376492244003
-0.051362056342001444
-1.060017324184423
1.1679284096563793
-0.251378932629999
0.806676986728068
-1.3185238753316166
1.4297475254436172
0.16767919104234788
-1.1588826733340414
2.9447592226055965
0.2649822739587838
0.7064483080269086
0.01889145379933734
-1.9453751832119057
-1.5459473776022614
-1.5880957647888436
-0.7158542351670034
-0.27956365995805504
0.0058353302261191274
0.0058353302261191274
-0.8132466118534528
-0.2760787875937955
-0.7356599956367447
0.21498562308368466
-1.6495240999631
-0.8600286679661929
-0.6517458936459917
1.208510369359189
0.02795665703534311
0.4435750614565989
-1.102522918680796
-0.9577364144628406
0.8489351077219738
-1.2471216294092988
0.0998283326143938
-0.021344515099134233
-0.9181430808755011
-0.09214575907382876
-0.9382634756681243
-0.5397567652286701
-1.4670862939183376
-1.957723819794271
1.7479388075262736
-1.2629820291149427
0.2974212802321551
-1.1688236518666202
-0.762118401265635
-0.396388718498142
0.17924348372267676
-0.5692733711506365
1.7487917943204643
-1.0264815240762173
2.39083877986325
-0.7319864575774848
1.0559547119964712
-0.6568881284864191
0.19976296972231739
0.7950294874263687
0.3867108044537973
0.9777223666865301
-1.6960976528440057
1.6753090811006865
-0.23424031645431767
0.39155214749729467
1.5485017126055403
-0.8016849860235176
-0.4539525738928295
0.5429730629874573
-1.1822505701713502
-0.847244545718923
-1.3313631633736622
-0.3119138229430401
0.7750691264377663
-1.431257763914776
-0.4956154520156455
-1.3323548868812796
0.4471924670332157
0.050516099079128615
-0.4501868898841834
-0.673404136198482
0.16876837066785116
0.5921623056873281
-1.749488426256968
-1.0289861812634586
1.6620841545062879
0.6219822847119076
-0.9965761170235995
1.653059217648778
1.7631324225484766
1.8340652777225717
-1.4805269531937748
-2.100295560221879
-0.9357496429676502
-1.7532132407039265
0.15430960924546705
-0.7806080561227557
0.4055283090717086
-1.219809249482789
1.1563145390975589
2.6984716234309563
8.560238907772896e-06
4.245821241670133e-06
4.192564633581433e-06
4.018757070745537e-06
0.0003511692996290693
0.0002890579174043287
0.0006121288462099914
0.00034945042325118417
0.0005466877466775317
0.00016996829732785835
0.0028739000781222374
0.0009421358181446779
0.0018968687484117882
0.0001384558657740147
0.00044344497241349855
0.0002272882425349763
0.0022604208523006
0.00067771015593518
0.0007545780870868854
0.0017636462110099083
0.0005935288116602973
0.00021746301390483794
0.0004974535336186099
0.0003302071207963428
0.001604656225557954
0.0002544077583799873
0.0008208243635511629
0.00039102690350477007
0.0008414420094055368
0.00034341965491133266
0.0019507415208458159
0.0005204080940288249
0.00012865250346016623
0.0014281899741147356
0.0009054271224800747
7.735596441335565e-05
0.0006653511497175326
0.00030498811149642436
0.0004855576396258637
0.00040241078034704926
0.0028766346785014324
0.0010655277826504999
0.0008207052859487834
0.0007838226907413703
0.0005354928582422338
0.00028217447357522244
0.0001794650244577582
0.0004878630247106667
0.0002905206969306252
0.00020247336127890487
0.00018330200781915183
0.0017403304708146505
0.0007393637074397113
0.0026475339136367067
8.81873149694214e-05
0.0010981306487467086
0.00029653429688630443
0.00021310635290379363
0.0018289742480035937
0.0001398195592930961
0.0023920121200910575
0.002833672962875638
0.0008522899180797791
0.0002548631926548378
0.00013787296164200838
0.0003864313389175137
0.0008214821363770232
0.0003371493142934514
0.0007589948757183732
0.000594911707348389
0.0012109380896655085
0.0014059822539255439
0.0008962488205166208
0.0008132536048099852
5.687407868282537e-05
0.00025188321725738775
0.00032151372752012297
0.00024110239862856124
0.0011977712053355633
0.00037749713257735287
0.0012844624293123978
0.000755395856302825
0.000732512615026117
0.000719143659859554
0.0003511692996290693
0.0002890579174043287
0.0006121288462099914
0.00034945042325118417
0.0005466877466775317
0.00016996829732785835
0.0028739000781222374
0.0009421358181446779
0.0018968687484117882
0.0001384558657740147
0.00044344497241349855
0.0002272882425349763
0.0022604208523006
0.00067771015593518
0.0007545780870868854
0.0017636462110099083
0.0005935288116602973
0.00021746301390483794
0.0004974535336186099
0.0003302071207963428
0.001604656225557954
0.0002544077583799873
0.0008208243635511629
0.00039102690350477007
0.0008414420094055368
0.00034341965491133266
0.0019507415208458159
0.0005204080940288249
0.00012865250346016623
0.0014281899741147356
0.0009054271224800747
7.735596441335565e-05
0.0006653511497175326
0.00030498811149642436
0.0004855576396258637
0.00040241078034704926
0.0028766346785014324
0.0010655277826504999
0.0008207052859487834
0.0007838226907413703
0.0005354928582422338
0.00028217447357522244
0.0001794650244577582
0.0004878630247106667
0.0002905206969306252
0.00020247336127890487
0.00018330200781915183
0.0017403304708146505
0.0007393637074397113
0.0026475339136367067
8.81873149694214e-05
0.0010981306487467086
0.00029653429688630443
0.00021310635290379363
0.0018289742480035937
0.0001398195592930961
0.0023920121200910575
0.002833672962875638
0.0008522899180797791
0.0002548631926548378
0.00013787296164200838
0.0003864313389175137
0.0008214821363770232
0.0003371493142934514
0.0007589948757183732
0.000594911707348389
0.0012109380896655085
0.0014059822539255439
0.0008962488205166208
0.0008132536048099852
5.687407868282537e-05
0.00025188321725738775
0.00032151372752012297
0.00024110239862856124
0.0011977712053355633
0.00037749713257735287
0.0012844624293123978
0.000755395856302825
0.000732512615026117
0.000719143659859554
-0.013299532797795395
-0.34557105443714065
-0.001317062730506051
-0.015955418747108582
-0.015969361216862626
0.4862775188432606
