4
5
0
80
-0.0010457666948737994
-0.0010457666948737994
-0.0010457666948737994
0.10903776656325832
-0.012175650675185641
0.3192333523928798
-0.7686401809498514
-0.0025177203574435463
-0.0025177203574435463
-0.0025177203574435463
-0.013733933642528444
-0.1929108125987578
0.6731413260650749
0.2496231380703378
-5.5000968490551884e-05
-5.5000968490551884e-05
-5.5000968490551884e-05
0.42802458715518765
0.8697355059615834
0.8987704861210752
0.3767430586604647
-0.00030014436017413066
-0.00030014436017413066
-0.00030014436017413066
0.9048198752656351
-0.29414831632079985
0.6841449854022464
0.5414182296868483
-0.0023843745782062293
-0.0023843745782062293
-0.0023843745782062293
0.5797991157692273
-0.430037170588701
0.8218695794649559
-0.8001903545636513
-0.002535405438404547
-0.002535405438404547
-0.002535405438404547
0.730085412520862
-0.8096952452581735
0.23538714668326918
-0.6593310669933364
0.0006441796193148801
0.0006441796193148801
0.0006441796193148801
-0.3941046658683741
0.6106356427101471
0.6612552044362574
0.974167578234685
0.0005675721274689872
0.0005675721274689872
0.0005675721274689872
0.7945732622330123
0.7738694935056034
-0.7675827684764633
0.29949349620564997
0.0009445791668285049
0.0009445791668285049
0.0009445791668285049
-0.25903496003992876
0.9236384266198353
0.10067132389040225
-0.64105759530565
0.0013683580806886485
0.0013683580806886485
0.0013683580806886485
0.3826491717700433
0.006915200635145329
-0.05781837402008419
-0.4332025347502651
-0.0017905833152436338
-0.0017905833152436338
-0.0017905833152436338
-0.18623940601878344
-0.35457592200965937
0.7720325880915364
-0.1431665553653956
-0.0017728841374811542
-0.0017728841374811542
-0.0017728841374811542
0.42855603702801015
-0.9703573890222252
0.06818581953661046
0.868137311482723
-0.00019883161646905387
-0.00019883161646905387
-0.00019883161646905387
-0.9677220941811165
0.7251771142968989
-0.4284050535492348
0.22920243278245547
0.0006377672632532169
0.0006377672632532169
0.0006377672632532169
-0.6765311075234295
0.9505588346626083
0.27264184116637474
0.9600933784046541
0.0007356199747035275
0.0007356199747035275
0.0007356199747035275
-0.0966567609492052
-0.2600427291931937
0.1275716463493641
0.3097144136230165
0.000953829028219289
0.000953829028219289
0.000953829028219289
0.23609660699501783
0.30944066992761826
-0.9527621929146188
-0.7283215000799753
-0.0014457058404831525
-0.0014457058404831525
-0.0014457058404831525
0.872744966234037
-0.6285870483735462
0.6233485667266793
-0.6777153578889471
-0.0007345493526033323
-0.0007345493526033323
-0.0007345493526033323
-0.13616830375467626
-0.3662169371257567
0.6602644301119043
-0.9924168187445459
2.1519906754214244e-05
2.1519906754214244e-05
2.1519906754214244e-05
-0.9621398921816658
0.10642619116846473
-0.17061443897684048
-0.3693526545994726
0.003955327132086161
0.003955327132086161
0.003955327132086161
-0.25716771483781115
0.7930329617134991
-0.8129483470543496
-0.9513640637968945
-0.0017196706392101889
-0.0017196706392101889
-0.0017196706392101889
-0.30288909912814965
-0.5507329890549278
0.7240415152408031
-0.9660319397947011
-0.0009042390957638992
-0.0009042390957638992
-0.0009042390957638992
0.3625536777992953
0.0785559439655978
-0.13099002967730802
-0.012644249814485411
-0.0006038708414280826
-0.0006038708414280826
-0.0006038708414280826
0.46384181787518014
-0.1267838006433984
0.699581422337544
0.8269129324431611
0.000409883717782808
0.000409883717782808
0.000409883717782808
0.6454459635218386
-0.013539817846374848
0.6588573464499552
-0.7778316742992384
0.0011312773139072916
0.0011312773139072916
0.0011312773139072916
-0.39762580441273226
-0.018396862654026562
0.8243433667628677
0.15325493129625842
0.00033029294465739163
0.00033029294465739163
0.00033029294465739163
-0.9348653957847347
0.536443085693162
0.31942738021387396
-0.8868976805486642
0.0012315315941085702
0.0012315315941085702
0.0012315315941085702
-0.6615148409308892
-0.2502112326109138
-0.6292595287867513
0.4369670906046811
0.0011449721433635903
0.0011449721433635903
0.0011449721433635903
-0.24373650783252188
0.336478473573709
-0.5867301274758652
-0.4666586374222579
-0.0013914132912293004
-0.0013914132912293004
-0.0013914132912293004
0.6317889541350622
-0.8055041521530318
0.12105792585389204
0.08374168825424698
0.003518006006114876
0.003518006006114876
0.003518006006114876
-0.7543522729159655
0.3498137750283271
-0.9850580366492941
0.555475556605934
-0.0017999990046607974
-0.0017999990046607974
-0.0017999990046607974
-0.5486409637758671
-0.46468974832660703
-0.4399750667282455
0.26466010008133983
0.00018107986587095133
0.00018107986587095133
0.00018107986587095133
0.9783260796105138
0.6062086118469998
0.46484158587919155
-0.9484846977469645
0.0010867978228429318
0.0010867978228429318
0.0010867978228429318
-0.04528456262842965
0.008286530346337433
-0.27922948835780237
0.17297385068514742
-0.0003454610680832564
-0.0003454610680832564
-0.0003454610680832564
0.16868949859900717
-0.07318269451991273
0.7889862125892567
0.8758476405739839
0.002670849972423435
0.002670849972423435
0.002670849972423435
-0.6667457144156222
0.8905844072703178
-0.9895342747966713
-0.9075302634642003
-0.0016717236863911648
-0.0016717236863911648
-0.0016717236863911648
0.4781968515334391
-0.84869526504501
0.44166841807808915
-0.5602254384606811
-3.186118131346604e-05
-3.186118131346604e-05
-3.186118131346604e-05
0.7168946243469487
0.2222731880379113
0.6234130815200872
-0.7323514209731714
-0.0019383957584441815
-0.0019383957584441815
-0.0019383957584441815
0.41133624524720047
-0.4692749448079085
0.9394730780521185
0.3833521314484462
0.0006550090639877765
0.0006550090639877765
0.0006550090639877765
0.8347390586415538
-0.3235131178205151
-0.8588509312598119
-0.3519931913855343
-0.0007585277216659099
-0.0007585277216659099
-0.0007585277216659099
0.4511150268610905
-0.10020916023699629
0.9177278850855095
-0.5093711984302339
-0.0012132572087839835
-0.0012132572087839835
-0.0012132572087839835
0.5220290077000045
-0.3668366575631872
-0.22350370141133377
-0.7293588586742457
-0.0015848244577439715
-0.0015848244577439715
-0.0015848244577439715
-0.197669764936123
-0.8731920969897232
0.5570439646634462
-0.04278018990787767
-1.5001005354645747e-07
-1.5001005354645747e-07
-1.5001005354645747e-07
-0.169195886908954
-0.7882269814785837
0.4118524738247312
-0.8936772892116385
0.0005706127280763161
0.0005706127280763161
0.0005706127280763161
-0.39853471279514024
-0.27560259940659915
-0.32942656924469826
-0.5235218543497521
-0.0030623814156879718
-0.0030623814156879718
-0.0030623814156879718
0.3856319085019693
-0.9871252567739448
0.05236342478138752
0.20654791536759934
-0.0005174690222828561
-0.0005174690222828561
-0.0005174690222828561
0.9594597730557279
-0.8047091480639588
0.06282188336829884
0.5153207903030528
0.0013111315412230105
0.0013111315412230105
0.0013111315412230105
-0.31501750184759114
-0.21804633720919736
0.46159506031715264
-0.8709352534647937
6.609445964433406e-05
6.609445964433406e-05
6.609445964433406e-05
0.6177972352339848
0.505666032342399
0.8720123467703159
-0.6513638219896888
-0.0005400207904094657
-0.0005400207904094657
-0.0005400207904094657
0.6965685093875328
-0.2918008633569988
-0.21949656828363193
-0.6823859162761059
2.877860107950222e-05
2.877860107950222e-05
2.877860107950222e-05
0.5999283840896503
0.9377529664288724
0.5362842554020906
-0.12547679301479275
9.90963532251415e-05
9.90963532251415e-05
9.90963532251415e-05
0.4371256930621219
0.36601215373949686
0.8183558606941322
0.3243613346833939
-0.0003739934848624865
-0.0003739934848624865
-0.0003739934848624865
0.13117165048822513
-0.08183815813828908
0.12783985245101215
0.8470746457889508
-0.00035306886411813176
-0.00035306886411813176
-0.00035306886411813176
0.8922211109253558
-0.36600345213434393
-0.33697485231570545
0.5883856468183719
0.0005793896307942196
0.0005793896307942196
0.0005793896307942196
-0.4368543795917057
-0.18638735552921457
-0.47557455909259916
-0.8847099164418321
-0.0008393854251581442
-0.0008393854251581442
-0.0008393854251581442
-0.3714003461165872
-0.3725716310757335
0.00674173422153695
0.3950871419074662
0.0001630723578008091
0.0001630723578008091
0.0001630723578008091
-0.38764376914867416
0.634241783432592
0.43051111600492525
0.12229726326375395
0.0004041976814887396
0.0004041976814887396
0.0004041976814887396
0.4150113880604239
0.26460392427449664
-0.37849360775191465
0.5647925183300089
-0.001119005398949143
-0.001119005398949143
-0.001119005398949143
-0.7689218417694519
-0.32958403021402555
-0.06262076149946717
0.3228678130441048
0.00010561219476240385
0.00010561219476240385
0.00010561219476240385
-0.6371627316219813
-0.04467227012272165
-0.46638758293359733
0.6499558955738994
-0.0003453484286713141
-0.0003453484286713141
-0.0003453484286713141
-0.7344694172510536
0.33625137465713084
-0.702147311041427
-0.9691148949849294
0.00011746800022952944
0.00011746800022952944
0.00011746800022952944
0.8842387051903309
0.7844545554795048
0.6145676246607297
0.19250524386867432
-0.00010813232633094153
-0.00010813232633094153
-0.00010813232633094153
0.8506289988466772
-0.13335655004087518
-0.9660451182055569
0.3497876771409533
0.0010416927185976474
0.0010416927185976474
0.0010416927185976474
0.3405375439052948
-0.14541651456589488
-0.9760384608970648
0.31965590691865275
-0.0013809355145201513
-0.0013809355145201513
-0.0013809355145201513
0.589531951899501
-0.3756098172296758
0.1683600137377991
-0.9215908457489623
7.145575650476549e-05
7.145575650476549e-05
7.145575650476549e-05
0.5971396488151095
1.0206296618380573
0.08626601511619979
-0.0035677051490017337
-0.0011025172924812973
-0.0011025172924812973
-0.0011025172924812973
-0.8590434808389833
-0.4804050412018586
0.23908425512384876
0.19079747262085198
-0.0006731366157178711
-0.0006731366157178711
-0.0006731366157178711
0.2826958599444866
-0.3114437539997775
-0.19283091076246323
-0.4811035037678857
0.002578430274843155
0.002578430274843155
0.002578430274843155
0.09276251477376522
0.43568585268550986
0.11381871765701937
-0.9046513103721064
0.0015554619954496742
0.0015554619954496742
0.0015554619954496742
-0.0928259978457921
0.06123715432346742
-0.17054249411839117
-0.3581249886966898
0.00048321352312651414
0.00048321352312651414
0.00048321352312651414
-0.07804048680759071
0.49131889545227797
0.7939683002328535
0.871728655443725
-3.429259885796714e-06
-3.429259885796714e-06
-3.429259885796714e-06
0.8469975343755206
0.4936378351401462
0.595290292625159
0.2611936884223805
-0.0019284100979486585
-0.0019284100979486585
-0.0019284100979486585
-0.6019489503985392
-0.06932288717945384
0.8918371039799072
0.19905920607918082
-0.0005038815197521304
-0.0005038815197521304
-0.0005038815197521304
0.34467369968109424
-0.6719745283560313
-0.3186503294913545
0.04434058496580261
-0.001007654623739315
-0.001007654623739315
-0.001007654623739315
0.0334018047235928
-0.49241266008333917
0.5489530662353023
0.8874833305510124
0.0018071512602706678
0.0018071512602706678
0.0018071512602706678
0.873546009376782
-0.3530857383288245
-0.7622227296024516
-0.8549625080279637
0.0006142650137387522
0.0006142650137387522
0.0006142650137387522
0.016612359305970315
-0.24546014814877917
-0.08894928258584674
-0.957202387323079
0.0007725818294786643
0.0007725818294786643
0.0007725818294786643
-0.13279014450685145
-0.6955797878806894
-0.9636134455840407
-0.7156608209109675
-0.0017516568946414994
-0.0017516568946414994
-0.0017516568946414994
-0.8549976560511372
0.16381578508498526
-0.06681438829952109
-0.21889547827124634
0.001493871251370337
0.001493871251370337
0.001493871251370337
0.07104590409881417
0.48879455972257313
-0.37682096871228227
0.7079035913579191
0.0009972748549511496
0.0009972748549511496
0.0009972748549511496
0.8944921383227784
-0.0681588373668029
-0.027542689821542423
-0.7231865291837347
-0.0002289436085616464
-0.0002289436085616464
-0.0002289436085616464
2.21906509629381
0.1443222283627369
1.513842104668526
-0.5556271990281705
1.1808401984727854
-3.936935736934172
1.8357927148661597
-2.0349230939472696
0.07128755539763086
0.057935637629099423
1.6412860353889955
-8.86206924892863
0.9894163401688186
0.3358420189385917
0.422999861534442
-0.5229037111000412
2.0043785331569897
1.6355818192196647
-0.07629730142785908
-0.0012546894006759497
2.6974255506467433
1.8543360028916565
0.44622981192244254
0.28494592002948615
0.5465574389547196
2.0386038408654352
0.13583443536424
-0.34951358417208567
2.5551044604167377
-1.7610555003186448
1.2569075761789525
1.505288674955747
-0.00432901134202965
-0.2787616818490373
1.9158557806788792
2.7111166301472482
0.7887965371983157
-1.8327396449208122
-1.4715673725397584
-0.21243990987841035
-0.5955039803359029
1.304462024608428
1.2081583543483467
0.27293895056537937
-3.508952438141184
-0.19566235083859598
2.7483356097270404
0.2962490987425741
0.9515670632562395
1.450993276652561
1.004765201278242
-0.3784955406833763
2.5375872839981284
-1.0614922622583698
-0.6432395987718478
1.7301200728281718
-3.2685965446411647
0.728571385919073
-2.226828352245198
2.577345766789688
0.27514731542443666
-4.579941532899618
-4.178281348376671
-0.47794908648105805
0.4545350519812211
-1.5365628692540747
0.5468183165309568
-0.09221667768569107
1.3430665355765032
-1.5279147021168802
-1.0377923995777116
1.207098439063137
-4.345823517461187
1.0107065583242307
-3.9613008014544886
-0.395846423498633
1.9692682365891898
2.169740532642255
-3.3956193170975717
-1.0152236766390015
-0.001263769638598784
-0.001263769638598784
-0.001263769638598784
-0.12080533724622501
0.7436237287555891
-0.09485387870501223
0.5043291824827159
1.2671481682166799
2.3513718659900054
-1.5633385473351544
-0.7774484180793313
-0.8493778504565759
-0.5216225731259932
0.6961867327677159
1.1143472694966952
-0.99228647306854
-2.0962853669212795
-0.5602726294186018
-0.18928531769487142
0.7042539297358354
0.19060605433454159
-1.7399525831379745
-1.92087354160864
0.45951939715583223
0.9540615565588626
-0.25090430823583165
0.46024148130161496
-1.4853067611009079
-0.910964164646524
-1.0178710073842423
-0.7289266637765791
0.6043048011320528
-2.025107839721271
0.12178989479710493
-0.7306042772603303
-0.8946837408794289
-0.7753803589782575
-1.9646269023707557
0.9357546376469438
0.198303761680711
0.8536473449693773
1.03216474643699
0.2380274051142226
1.5671354872304393
-0.01644143352832814
-0.0561609614647719
-0.7500463236434316
1.4369626201688779
0.8081241883383097
-1.2493763247856315
-0.17222518559413816
0.26409932941892644
0.36072214231885524
-0.4994828107508869
-0.8036934061718134
0.32428536779689715
-0.30769121306418723
0.03113687257765773
-0.7153352112606456
-0.2460872520353843
-0.4262219829084972
0.1841632276184368
-0.873656550577702
0.2892091604618075
1.645866485720728
0.30770444519299167
1.6068684864347529
-0.6107999455763811
-0.5496869588063169
0.7927270424388011
-1.7011398203037786
-0.8397942003828318
-0.25007517674931756
0.2529511834251374
-0.6161528395892958
1.3303105615983108
0.26891810472747096
0.8066198347848254
-0.5341488634357541
-0.7654955784412366
-0.27753657657911285
-0.6560534150779429
0.21265849199847286
-6.394142226084565e-05
-6.394142226084565e-05
-6.394142226084565e-05
0.14861646780931106
-0.9296326379278004
0.15889741837356935
-0.6540310060558018
0.0228485763343907
-0.6777517169292729
-0.14139168248152023
-0.5521823206440638
-1.1098951613476287
0.19132903103637192
0.9162312948910419
-0.08381048157512752
1.5420832950268142
0.007095024914552993
1.1016989207263574
0.4810248126233162
-0.21353077207693452
1.1342866981098574
1.8709004194734589
0.3252254101096077
1.501294204855849
0.7556266219216713
-0.5366817220652738
-0.48468891340109277
0.908096494836911
0.6949133812765308
2.065855842976764
0.6053930366784073
-0.08230559802824403
1.034340149832996
1.3989125650693781
-0.8700834964756868
-0.21118502822440172
-0.27390363920988653
0.6284762359134599
0.9487850634766984
-0.22668696010589093
-0.9576525703715462
-0.5622641163344626
-1.3015137673816386
-0.36753905739637643
0.224245553778886
0.26922120972867863
1.2655014341111879
0.6295112645751885
0.10695371855237355
-0.463585163909491
-1.7869861445496147
0.5967149748710866
-0.7756930404238633
-0.11436215338976265
0.6115604188628111
-0.7059977595998003
0.6536032684987644
1.7763275610623719
0.6089549234436119
-0.5964322540072614
0.1972190628306534
0.5065432455408323
1.5017229757720676
-0.7209474819749468
-0.2961127753891249
1.5169691370028169
-0.6389285333530432
-1.3414670780775102
0.507237651195854
1.4838892758989748
0.5340469571883484
-0.39729516086350436
-1.3638639167261781
-1.4839268145862705
-0.23639680732251048
0.38674633925105956
0.5435623747601799
-0.5078879373032513
-0.34353421172693727
1.0326372391011016
1.9024310471709251
0.05611792474176148
-1.2711473637461579
-6.730638341850983e-05
-6.730638341850983e-05
-6.730638341850983e-05
-0.8414601976667228
0.35686064205245793
-0.6224322459798955
0.8000988793395091
-0.634343434859088
-0.4398580091458007
0.17079882634988636
-0.6704899138196806
0.17281897843259145
-0.7430516270392874
-0.5912528733424766
0.6119142719664455
0.22777936405883228
0.8348948975325189
-0.7373585663563574
-0.4946454350657368
0.4118636754663887
0.21500725255090208
-0.38355802102245184
-1.7585337610987632
-0.4905531326269076
-0.4463462417980498
-0.32249094928150146
-0.38915336934526956
0.6233161475486425
-0.02596174899704532
-0.9123729378690961
-0.356146555835078
0.31915074299450347
-1.1291501238993886
-0.21328136781840892
0.056133710675089786
0.31153609920432157
1.5347546190073942
-1.5282615341858674
-0.6381934024498872
0.8244582994911277
0.40766642206260234
-2.19913888027386
-0.37418830623730026
-0.2701200932932054
0.6771279268043018
-1.1539448386156566
-1.2433864230501523
-0.26206408410356974
0.3892621187948512
-1.531271651446765
-0.3755108815544998
-0.3530894691197752
-0.6285012746612877
0.427418212943682
0.21392286800480997
0.9281210129079712
-1.4244342936588672
-0.9018630399231464
0.310857347346575
1.2439062159167993
-0.42460813458312907
-0.058508950072059154
-1.3576019233761831
-0.7009970770288371
0.30846702978918306
-1.7121506542698397
-1.8078417937491273
0.4407802013527954
-0.24519025906999212
-1.1595719156171302
-0.4655216272344755
-0.829649455504945
1.5325641768437863
1.1606607414949335
0.4500272162756778
-1.5602294736444993
0.8752098979128294
-1.2621204637840469
-0.39513702489048586
0.16453432153567596
-0.26023988640062035
0.6555064799647836
-1.6514885205715357
0.0013809714802746793
0.0013809714802746793
0.0013809714802746793
-0.7783698483446017
-1.8047303005278192
-0.18559885472928028
-0.34023696514523705
-1.2754590972723718
-0.8407029367122968
-0.11602287652019205
1.534028845991385
0.5093152311934221
1.0959786961520075
-0.5528837332428912
-1.9457904780978907
-0.8261344241749791
-0.8899012413573117
0.20755448745399013
0.7227478778095572
-0.7023677192965816
-0.06664403260686261
-1.5209424935152502
2.0932640457054865
-0.37319769407656417
0.016336808441631434
-1.30656594649525
1.0856751759856917
-0.19428415641598154
-0.2066332233199787
0.058284390854249656
0.29022015835885484
-0.30406737020623864
0.6167831354635426
-0.9565774646321954
0.4229151580655405
0.1990457628412482
-1.196825707432129
0.7140714214364318
-0.06644340601003336
0.26973128341233044
-1.8680644037434846
1.306685095379299
-0.9444911979205259
0.1707900207959633
-0.9401516973631601
0.10512134254140997
-0.21575385949204834
-1.6973969056107499
0.08561044767342851
0.23153911886054643
0.0030290338462553214
-0.1851996917884209
0.6818051670788495
0.008102567755689665
-1.2041328921463148
0.16012441351216425
-0.06580540023684893
-0.6894698453824927
-0.12212215394559778
-0.005098179052129053
-1.108899165011477
-0.09829772709340472
-0.6280970862879294
1.3047275575525217
0.5814250020699132
0.6061174985068072
-0.10165951581535931
-0.08956950480888765
-1.5544243371154738
0.23431583183546723
1.5224541115877452
0.7743744082594815
0.4969235803270928
0.028710986864993043
-1.925856231528936
0.022490049603198222
-0.454575505656096
1.908417852794147
-0.09849009587443075
0.24822911084765178
-1.143844091588552
1.2776750084146524
1.5606356961347636
3.7065960208771316e-06
3.4580201595416413e-06
9.285605208989348e-07
9.150221803692994e-07
0.00019900515826360568
0.00020770141955783845
0.00037740533340983103
0.000336360091549003
0.00023352489127486593
0.00017889988014800685
0.00029515060207857346
0.0003700199801667222
0.00027920486620439236
0.00024727455715460003
0.00014039075884373652
0.00015949667164383554
0.00014334119156553693
0.00028590279396820345
0.00016150965867740686
0.00021988134707642528
0.0002483920534010978
0.00011077981835550244
6.073516556781336e-05
0.00020911201812783724
7.227294021339105e-05
0.0002683608055238251
0.00031357733762302746
0.00029836883923500655
0.00017186582586735573
0.0001086345774638117
6.545286802701063e-05
0.0001681794154092146
0.00018915640755281816
0.00011390200490395571
5.7910913246219607e-05
0.0003714304351293324
0.00019014240763669948
0.00028569675164653993
0.00014872931058032587
0.0001430590443622387
0.00033283893612689525
0.0002532017002435408
0.00024095919837805076
0.00027795702728638746
0.00019136330255250958
7.146846010183088e-05
5.831346787191062e-05
7.30998342799766e-05
0.00012340169570549878
0.0002609314479235637
0.00010249897855308384
0.00035430332049825634
0.00023596002544237356
0.00037823528533395296
0.0003477878436824374
0.00025198895703195946
0.0002991313527137476
6.510007576593125e-05
0.0001023924990987104
0.0002594070904704267
0.0003114440817221264
5.9233219860832096e-05
0.00010049241162038692
7.630747183343556e-05
0.00038620998112618246
0.0002937430589359268
0.00020835080053559525
0.00021043815718315345
0.0003779160741855939
4.4667383455211585e-05
0.00017077003360499354
0.0002534560090167957
0.00017230569017050022
0.00032167718774105266
0.0003758675904612906
0.00013506354052082755
0.00014188624117500635
0.00018922191899821493
0.00022616948333974268
0.00012340068716979821
4.459850644494079e-05
8.334442170468862e-05
0.00029874255379305564
0.00030358949163347855
0.00019900515826360568
0.00020770141955783845
0.00037740533340983103
0.000336360091549003
0.00023352489127486593
0.00017889988014800685
0.00029515060207857346
0.0003700199801667222
0.00027920486620439236
0.00024727455715460003
0.00014039075884373652
0.00015949667164383554
0.00014334119156553693
0.00028590279396820345
0.00016150965867740686
0.00021988134707642528
0.0002483920534010978
0.00011077981835550244
6.073516556781336e-05
0.00020911201812783724
7.227294021339105e-05
0.0002683608055238251
0.00031357733762302746
0.00029836883923500655
0.00017186582586735573
0.0001086345774638117
6.545286802701063e-05
0.0001681794154092146
0.00018915640755281816
0.00011390200490395571
5.7910913246219607e-05
0.0003714304351293324
0.00019014240763669948
0.00028569675164653993
0.00014872931058032587
0.0001430590443622387
0.00033283893612689525
0.0002532017002435408
0.00024095919837805076
0.00027795702728638746
0.00019136330255250958
7.146846010183088e-05
5.831346787191062e-05
7.30998342799766e-05
0.00012340169570549878
0.0002609314479235637
0.00010249897855308384
0.00035430332049825634
0.00023596002544237356
0.00037823528533395296
0.0003477878436824374
0.00025198895703195946
0.0002991313527137476
6.510007576593125e-05
0.0001023924990987104
0.0002594070904704267
0.0003114440817221264
5.9233219860832096e-05
0.00010049241162038692
7.630747183343556e-05
0.00038620998112618246
0.0002937430589359268
0.00020835080053559525
0.00021043815718315345
0.0003779160741855939
4.4667383455211585e-05
0.00017077003360499354
0.0002534560090167957
0.00017230569017050022
0.00032167718774105266
0.0003758675904612906
0.00013506354052082755
0.00014188624117500635
0.00018922191899821493
0.00022616948333974268
0.00012340068716979821
4.459850644494079e-05
8.334442170468862e-05
0.00029874255379305564
0.00030358949163347855
-0.009539317023401933
-0.05265706827494933
-0.0026642259275352353
-0.0028044326424379092
0.0575404783447783
