4
5
0
80
-1.1558099272763667
-0.0010885520721803596
-0.0010885520721803596
0.1103377017054873
-0.009043462398460843
0.3176465996923709
-0.7695946407215847
-0.8315306520577278
-0.0009717452256050949
-0.0009717452256050949
-0.014768303416917006
-0.19078755812914897
0.6697570999799968
0.2471372956843065
-1.6711818402680478
-0.00031594234838823346
-0.00031594234838823346
0.4306316780156285
0.8771049558259063
0.8948570781918422
0.37418311286246636
-0.9963009110040445
-0.00010662052782114788
-0.00010662052782114788
0.9053471825017833
-0.2884980743002229
0.6796044771166343
0.5381865755891314
-1.6984446602792926
-0.0014607701913242597
-0.0014607701913242597
0.5793943615310438
-0.4278529373175105
0.8193925895996726
-0.8019681958809417
-0.23681871204101448
0.00018361775978705886
0.00018361775978705886
0.7295215747244878
-0.8071396023379407
0.232542660649975
-0.661402290428801
-1.0371131061979626
-0.00010475265698798629
-0.00010475265698798629
-0.3932461856617495
0.6152950084443575
0.6575791534063757
0.9716410375411113
-1.9165914237375894
0.001427734435364138
0.001427734435364138
0.799246534041549
0.7826110791802069
-0.7700899892599715
0.29803012420298625
-1.0591357640013537
0.0005876677943954669
0.0005876677943954669
-0.25442822357246553
0.9301015155977818
0.09957572441829302
-0.6413480769328493
-0.2216669364509926
0.0004158732278398929
0.0004158732278398929
0.38502132220184454
0.01242140889856947
-0.06021239492884219
-0.4346824792613968
-0.8217370032171613
-0.0011348486037472886
-0.0011348486037472886
-0.1875678674220589
-0.35357808414306996
0.769253243205905
-0.1451991145467466
-1.9033749605758505
0.0026419477357506557
0.0026419477357506557
0.4264174697210215
-0.9705230561488292
0.06604171070608256
0.8663609100554367
-0.31566891999478425
-8.451205635484154e-05
-8.451205635484154e-05
-0.9651257485687933
0.7288899217045546
-0.42938438552938163
0.22881921137714076
-2.363335947522917
0.0007690017939130092
0.0007690017939130092
-0.6747519082417275
0.9544629035209276
0.27060648022809464
0.9588121117253497
0.28425416771881296
4.605801407524456e-05
4.605801407524456e-05
-0.09697082191058375
-0.2572154974885895
0.12437193494725779
0.307430286889074
-0.5346613498960988
0.0007567588488364473
0.0007567588488364473
0.24069357285970627
0.3155447013903874
-0.9531757005727101
-0.7281872900739871
-1.9711697849725465
-0.0013409142784171588
-0.0013409142784171588
0.8721111174746402
-0.6264837907734683
0.6208675162195106
-0.6795563273910628
-1.015631551369284
-0.0007947864241060597
-0.0007947864241060597
-0.1363652036310193
-0.36511214876283776
0.6587182775654083
-0.9934403530752706
-0.12955753966032413
7.040137453389372e-05
7.040137453389372e-05
-0.9615193540750843
0.10767808822580062
-0.1714917954105953
-0.36982943337889723
-0.9171885892380941
0.0017725045619315736
0.0017725045619315736
-0.25256117718626386
0.7983614348357394
-0.8128152543683312
-0.9508064444534192
-1.0210708396170627
-0.0013939371749847394
-0.0013939371749847394
-0.30349899965696747
-0.5503698146552185
0.7226869029902356
-0.9669565603769668
-0.538950976202837
-0.0006737635006147382
-0.0006737635006147382
0.36469771053183425
0.08405811923650996
-0.13361342351373887
-0.014341173141184011
-0.49967055619562617
-0.0004361454447063841
-0.0004361454447063841
0.46405846244361465
-0.12157458920261435
0.6949672713414167
0.8236212376100324
-1.1080271212571962
8.141090132935346e-05
8.141090132935346e-05
0.6470766263164126
-0.008308690666137325
0.6558814400984826
-0.7797923927865241
-0.7797604696563428
0.00016667103514647326
0.00016667103514647326
-0.39855224556867563
-0.016757007543479644
0.8212991853760172
0.15107036305006274
-0.8676457331584568
-0.00048470563630882707
-0.00048470563630882707
-0.9334859050559462
0.5384546374777475
0.31864464681348154
-0.8872091825542159
-0.3692281085725681
0.0005955733693107534
0.0005955733693107534
-0.6614072195806713
-0.2491911084641635
-0.6303396516187839
0.43624549506876364
-0.2278203864937866
0.0006292017629648454
0.0006292017629648454
-0.2404793158213749
0.3410986354612241
-0.58752152063343
-0.4668722287225099
-1.0087479283178893
-0.0013200311623819975
-0.0013200311623819975
0.6303537373664194
-0.803762929752922
0.11800966418867227
0.08139895736893701
-0.7142693399156149
0.0020348404226811527
0.0020348404226811527
-0.7527635548852849
0.3522033109289685
-0.9857001744225424
0.5551883110831839
0.20396063977130596
-0.0007845081636107414
-0.0007845081636107414
-0.5489594573641677
-0.46380864954829903
-0.4414343996887774
0.2636419724212217
-2.1004276891755818
-3.533823284346736e-05
-3.533823284346736e-05
0.9823750766586353
0.6138070404978276
0.46258574098420846
-0.9497583574508485
0.06868705003291549
0.00035953863055848624
0.00035953863055848624
-0.0437492336792779
0.012540767201269872
-0.2815619225015727
0.17146521976704177
-1.2879166969222078
-0.00012954460540976135
-0.00012954460540976135
0.16785254486035275
-0.06964502139679957
0.7846501669759194
0.8726606167590134
-0.2299832232074362
0.0004936513523083841
0.0004936513523083841
-0.6623373717953874
0.895537058549152
-0.9893911849191014
-0.9069664494848505
-1.4658014251475842
-0.0014179819478948022
-0.0014179819478948022
0.47699657547005186
-0.847929884100779
0.43962502435222894
-0.5617710544748775
-1.4855610346831432
-0.0002212781985267827
-0.0002212781985267827
0.7193147593398991
0.22839054891750646
0.620547382344747
-0.7341792989523153
-1.5489993629896783
-0.00033921293133964004
-0.00033921293133964004
0.40930961860480525
-0.467371727185583
0.935362855437952
0.3802150804442858
-1.0632882260459762
0.0009964565729386236
0.0009964565729386236
0.8371084196142472
-0.31888827099606015
-0.8601059817099326
-0.35272679658053646
-0.5757706322984508
-0.00043779169488697466
-0.00043779169488697466
0.4517199264024477
-0.09558714848982103
0.9140135618352091
-0.511936284561643
-0.5412762735823149
-0.0001585960846748164
-0.0001585960846748164
0.5235346179649675
-0.3630660768228883
-0.22519379982298904
-0.7304134754020655
-0.32362583636342485
-0.0010194290113739821
-0.0010194290113739821
-0.1998210662445243
-0.8734364074079538
0.5545583817880954
-0.044682896713833485
-0.046505625275309506
-0.00051357414538817
-0.00051357414538817
-0.17004380435721192
-0.7878324755593912
0.4102264900128304
-0.8948208713941912
0.04801868292547696
0.00014447677611469719
0.00014447677611469719
-0.3979097576075404
-0.27399681145476507
-0.33048748868964206
-0.5241512260144969
-1.1311304853621846
0.0002913857617789935
0.0002913857617789935
0.38383907216627877
-0.9868278361741726
0.05013718188985968
0.2047828289877594
-1.6604488944551956
-1.4905353855110219e-05
-1.4905353855110219e-05
0.9580232249216758
-0.8022200947835737
0.05924835660377693
0.5125386007962072
-0.74728996848144
-0.0005780711851104813
-0.0005780711851104813
-0.3148698749152102
-0.2167698780240919
0.46024744605105905
-0.8717856799261066
-1.4820795378589187
-5.379953272461192e-05
-5.379953272461192e-05
0.6205487146065621
0.5124536151419614
0.8688062558475271
-0.6533936018886587
-0.6391000437904341
-0.0004813732927505141
-0.0004813732927505141
0.6985789167224017
-0.28698724979784734
-0.22147103495249046
-0.6836202120173936
-1.8132612239105208
-0.00012023251832085672
-0.00012023251832085672
0.6036192291183716
0.9456046361303577
0.5332383664691839
-0.12734493520955126
-1.194036514272526
-0.00016818702187730103
-0.00016818702187730103
0.43871964914607753
0.3722813845934488
0.8143035881762462
0.32160601124759647
-0.37410016918232286
-1.9200899738723005e-05
-1.9200899738723005e-05
0.1312937812039793
-0.07759739873561107
0.12397673442081406
0.8442962810835031
0.8862273534209664
-0.00029456751125812527
-0.00029456751125812527
0.8937993207707012
-0.3594064162885033
-0.34112406893684444
0.5855036418140613
-0.014181936103118036
0.0006644356161705625
0.0006644356161705625
-0.4358442210908021
-0.18469922266641062
-0.4762657600451731
-0.8850454299864364
-0.4397853297185891
9.58168172042249e-05
9.58168172042249e-05
-0.3722155769722948
-0.3715823792059005
0.0046235576740673474
0.3935441277669299
-1.1087010604007161
-0.00023502509948632394
-0.00023502509948632394
-0.3855865617580531
0.6388441832446307
0.42815839119837973
0.12085596531625775
-1.844400480157014
0.0016517811727521955
0.0016517811727521955
0.41730402741712813
0.2700411598748147
-0.3807893015909671
0.5632870123492247
0.2602530718295645
-0.0005101289267802903
-0.0005101289267802903
-0.7695705450273267
-0.3289055276897073
-0.06441468441219385
0.3216084101107075
-0.8902183940412312
0.0011668533902659383
0.0011668533902659383
-0.6369642303766931
-0.04338876596437108
-0.4676133925187658
0.6491298407258494
0.7304019919725299
-0.0007831468738218634
-0.0007831468738218634
-0.7319652231937603
0.3393781662600195
-0.7025832042012837
-0.969109394060347
-1.5350764631859195
0.00011697452688658431
0.00011697452688658431
0.8872532220193884
0.7925962149220376
0.6104964486388776
0.18985853383269272
-1.9015479921064937
0.0018851989555575817
0.0018851989555575817
0.8528618672350136
-0.12869890975813933
-0.96742232980455
0.34891221264897615
-1.1536548590659086
0.002116061298762888
0.002116061298762888
0.3423477160951824
-0.14178631194530605
-0.9771857618490153
0.31896032011705105
-0.6615254611302003
-0.00040072176244656036
-0.00040072176244656036
0.5906904733882086
-0.3719093222090514
0.1663221369339138
-0.9229118348326598
-1.3388136001457513
4.5794882147609574e-05
4.5794882147609574e-05
0.6012772589113218
1.0291991765594164
0.08307246430038208
-0.005502795506027395
-0.3726498115313057
0.0002766025560365673
0.0002766025560365673
-0.8599690063871582
-0.4804103796374965
0.2376307555558992
0.18975553486950258
-0.5156033256637789
-0.0003023538069874377
-0.0003023538069874377
0.28379941847872486
-0.30822572492591993
-0.1945677013071714
-0.4822170305723356
-0.7862185173075511
0.0010689584943377995
0.0010689584943377995
0.0963957171358067
0.4414284355353091
0.11244139406929114
-0.9052380658226926
-0.2704008786652248
0.00014006917035823917
0.00014006917035823917
-0.09093661844644434
0.06504710214288476
-0.17211772834105682
-0.35902400623667846
-0.3089148827204173
0.0003714734228540335
0.0003714734228540335
-0.07676336866623035
0.4973602446839301
0.7896011177873106
0.8687489641388129
-0.19363481086446796
2.6401529827912663e-05
2.6401529827912663e-05
0.8496093739484579
0.5016470503920261
0.590779158075916
0.25821932753598
-0.9273183450556489
-0.001029450470889251
-0.001029450470889251
-0.6032607570294819
-0.0686323745968917
0.8891619842543381
0.1971169021740261
-0.8523781806650009
0.0014482199524407722
0.0014482199524407722
0.3442640810509408
-0.6704169073538725
-0.3204816790047443
0.0429883403251887
-0.6367256582414972
-0.0006286257254623573
-0.0006286257254623573
0.03090917519396096
-0.4910964798972481
0.5447510302038657
0.8842428154134871
-0.7907901194193483
0.002079148920780712
0.002079148920780712
0.8763384718327331
-0.34819108568764706
-0.7633023889864832
-0.8555080702855312
0.20911170246341362
0.00018399157083171316
0.00018399157083171316
0.018060601548913743
-0.24238226708011665
-0.09036354815916785
-0.9579997526258243
0.5706278068348097
-0.00028298676584612994
-0.00028298676584612994
-0.13226518500834017
-0.694343315017306
-0.9643256911208348
-0.7160908968321387
-0.09893352206536166
-0.0011177121701536905
-0.0011177121701536905
-0.8541750589651445
0.16559952798305763
-0.06800010595544632
-0.21956495632684467
-2.1212863376526325
0.0025726324174717664
0.0025726324174717664
0.07333506712095558
0.49343806517536704
-0.3785454955955637
0.7068296744492546
-0.6342991693559992
0.0006291979239152956
0.0006291979239152956
0.8973388670260848
-0.06165091846700928
-0.03008414126716393
-0.7247661265715155
-0.19504414470236303
-0.00040816516044450983
-0.00040816516044450983
2.1389914098011986
-0.14977431492686222
1.5653959652403453
-0.7020763481183739
1.0455071282460413
-3.7406603193292436
1.4721740862477852
-3.004409028381812
0.08542687021001523
0.16499911280692311
1.5070172131116775
-10.034760804279896
0.5491854791620311
-0.9282816517154526
0.304550985520281
-0.8556427269728164
1.5983412910450034
1.6408703537784861
-0.3489050181805985
-0.3766189697591563
2.5565013637960963
1.5893828055947685
0.39266901847357044
0.4986299112532685
0.36111998208690466
1.9829052830457021
-0.6373566460736956
-0.5343242603243639
2.005443541739814
-2.6477107162564333
0.7500984219909199
1.3818397996308094
-0.23482129682501354
-0.7491962597229604
1.6275704170671472
2.2931097480250067
0.8514421917945977
-2.342431592516509
-2.0972010721271204
0.15631888945859732
-0.6791890524228678
1.0973418319036283
1.292908583777817
0.053576863482351134
-4.206647863065559
-1.1969861680878735
2.734415403304222
0.5126046151723247
0.8857034195572082
1.323589640923698
0.9957134095544341
-0.879798881173373
2.5630813456770074
-1.3247862468573783
-1.1902529854540183
1.4096592110957369
-4.378791889705018
0.3804772162334688
-3.1219394263590403
2.6047109577968244
0.39475178894394053
-5.729511115229629
-5.090410574516302
-0.32786116494150125
0.35654839481871836
-2.0205460614651543
0.3714048889047573
0.11281583715271035
1.2665146139399737
-1.3781343155768504
-0.592281093919366
0.9008119715214504
-4.947619955464288
0.4166482819444729
-4.317023281527015
-0.1295499786752427
1.573530830180909
1.9920659492331985
-4.662346185657774
-0.8633068853037338
-0.21277161727578792
-0.00031437061560533143
-0.00031437061560533143
-0.16651743711298597
0.7387942382218724
-0.11361838115464058
0.7671678184714968
1.502409010946193
2.7997636108033497
-1.8005819363567215
-0.7291254355412543
-1.319748604459326
-0.45285721987146527
0.6493587882255624
1.439135246261506
-1.5068612960978827
-2.6110477357303425
-0.5643982093421637
-0.332763249250537
1.1097113976688608
0.12989140186633227
-2.030624147433805
-2.2676796886209307
0.3834617066866388
1.0112466860538836
-0.08555532338254229
0.589710056920809
-1.7114743302075666
-1.2867506850829227
-1.1566102075948133
-0.9818271816661394
1.0616931574126498
-2.2744804043771505
0.025651234241307462
-0.6707198804574668
-0.9575356696272335
-0.6578621243451505
-2.4062358888150794
1.2289760848031641
0.2793984618104134
1.1013536418826133
1.3323900359561218
0.31615407038264376
1.761111626414705
0.07199519415857462
-0.0672509452920742
-0.8955277506383005
1.780904348560268
1.3706776491447525
-1.3807330020160296
-0.20422096350389704
0.5351105275021895
0.2840143004264746
-0.46098686726077237
-0.7402675076369234
0.5709893690705088
-0.49844011062273474
-0.028478548419576786
-1.1327099285773519
-0.20042514736447287
-0.625309001810221
0.01568041362947581
-1.249645292387488
0.3585291129765637
1.9504212962063394
0.43232944347425617
1.8342935034572945
-0.6877123161002856
-0.7296582569277739
0.907088262711327
-1.9093550558591645
-0.957812207579266
-0.31763599354212313
0.2965592456135799
-0.9013190640124459
1.579938681890296
0.432572291742652
1.0516535152576507
-0.6006238292468037
-0.8468577609022605
-0.6039406569482881
-0.7949200017482833
0.48608864298053256
-0.04821342664881859
-9.392192652633952e-06
-9.392192652633952e-06
0.08517473578361641
-1.0223564990463814
-0.19948830939553402
-0.8806239721794284
-0.1221354935055498
-0.7059321606485853
-0.3162757072800546
-0.7121457437707494
-1.2532635949550306
0.12003426074541064
0.8755649151280163
-0.037402036106339256
1.6399265715476368
-0.09926407066695836
1.12743069405289
0.534172439927259
-0.3341479552362393
1.1193397963402454
2.020078241265387
0.3541373826609916
1.5307332303625703
0.6855789013390908
-0.7220926075729354
-0.7155591233843127
0.825968179257765
0.7081508956608216
2.280570876021901
0.6769977484637828
-0.07398385324473383
1.2109882042209472
1.6240955930256742
-1.2029957048018682
-0.17085513216844683
-0.44245701361631296
0.728648365211746
0.9481039106656337
-0.5006134388372107
-1.1174319453587984
-0.5195821353741754
-1.5316313434062598
-0.3570529208082335
0.31326478417678344
0.36332916805957133
1.4177361213323667
0.7073478095359714
0.06267031098777304
-0.44542352270090124
-2.1351422889111653
0.5623188401626752
-1.1346409222316287
-0.3957696061622853
0.5559233010339094
-0.7625039862233999
0.805271442338466
1.8925761958685405
0.4740111269617909
-0.6664996194739324
0.3856395176157153
0.6621477962191966
1.6659226007800725
-1.0792398884758911
-0.2798307251046661
1.61181926830787
-0.7016481067586134
-1.6471733208911694
0.6699539859051126
1.518929417626634
0.4162585226578271
-0.3687920427373535
-1.569117546669701
-1.7532957382169416
-0.28026615893150425
0.477869554367081
0.5125145491917622
-0.4781076837712666
-0.28966281245473247
1.2607392127668824
2.022730981150316
0.008172918726461946
-1.4227907869979166
-0.23157745372341912
-1.5748252970244215e-05
-1.5748252970244215e-05
-0.9717298768269644
0.44474192372015353
-0.5594278680394776
0.7997527704796168
-0.7541740252729215
-0.7228153237478155
0.36483353255748535
-0.691232727211064
0.15812397064889244
-0.9139857447942114
-0.5878298418411718
0.6079506994846314
0.23935604404184832
1.1575026258970116
-0.7620334242629789
-0.7155937320230258
0.25495176787038387
0.0826908745573115
-0.4666384603477951
-1.888552165774394
-0.6053987301584024
-0.5253128111645363
-0.2957631815262599
-0.48719151840994057
0.7552779005268742
-0.09066313488809465
-0.9899161402244634
-0.5134122424236651
0.16855789636063065
-1.1755645228248395
-0.32731773356444666
0.0034513595236385034
0.22837409611653883
1.6488853749124623
-1.6502244550921343
-0.8090956592453559
0.7708157362277586
0.4994960342482189
-2.4616068060985756
-0.3992166175050249
-0.5280678050495647
0.5795266644924677
-1.325462155327468
-1.387809172508524
-0.3953348087411946
0.32582285873636824
-1.6507589193461547
-0.3495959183528141
-0.6276191601107316
-0.5401311849334447
0.48374081236911554
0.28436657736201926
0.8420364459031966
-1.5517533406154376
-0.9358657612111967
0.4661933948242386
1.2825371172352584
-0.48222256152031673
-0.07309277827476529
-1.4986403737543057
-0.7033521662185366
0.1552029676612853
-1.8606950977859733
-2.0614153957709997
0.4798304157205206
-0.28823445869872244
-1.3685970565603565
-0.6093263249933467
-0.9717051311468684
1.5894475789168478
1.1110360125787306
0.599064514874398
-1.7289023746303198
0.9863261623323727
-1.5576530420542365
-0.6206524527566106
0.027353821233292788
-0.3336998630652542
0.7657967267147068
-1.88623143211259
-0.15646473424253438
0.0004437455654112524
0.0004437455654112524
-0.7774102561255917
-2.04871039228562
-0.14953790207280476
-0.48817859245705963
-1.4186897898019724
-1.0176382653281555
-0.22813003244465135
1.8004906693183766
0.7743590728278723
1.1524144383068766
-0.8104374225782157
-2.1930014059771015
-0.7297037063688457
-0.8636562302515758
0.011281851708976455
1.0269006269300418
-0.8523749360034797
-0.1897895261829089
-1.5710432065264208
2.4136451207372422
-0.5244860057061597
0.05658687426227784
-1.4939414647758236
1.0787644302071722
-0.43360561207197096
-0.19145362176240383
-0.02797195914890083
0.4587182375279607
-0.5459566235228462
0.668932786723666
-1.0978970612906729
0.6538832097482725
0.18198929908739842
-1.4508365642938572
1.0068620354007571
-0.26191436471544094
0.3357062952355396
-2.196256061432926
1.4352358780241685
-1.0710155195352984
0.19330594083179042
-1.2535611553193862
-0.07884135256063574
-0.26534733891771384
-1.9402323415901457
-0.15259307124370197
0.13927792664947744
0.07885849744307975
-0.12743526143420417
0.8466016177084225
-0.04534114400200873
-1.3717741083455572
0.09906153641385199
-0.06813617488193185
-0.8843189869448763
-0.09785630163073739
0.07890384654973874
-1.297631749853352
-0.17548259494388382
-0.5198676540607327
1.3659660882933193
0.7083661773055513
0.6841990109877965
-0.11889001200093846
0.09584308832956714
-1.7435678216700685
0.21752274814741787
1.7070075478984579
0.8096589728273232
0.38539851560539556
0.021924167153430534
-2.184644511096237
-0.10272129328848953
-0.8375230057666256
2.069756746746745
-0.09783284426773457
0.213620777785417
-1.1954835568514468
1.3768940845475257
1.669549173605925
1.7722793458135344e-06
1.7399567637907576e-06
4.422675051435235e-07
4.6274187742728323e-07
6.0479738157098354e-05
8.121181586643202e-05
0.00018674887032291837
0.0001623148406049699
4.934079669876155e-05
9.614476025354341e-05
0.000128461747884124
0.00015777161031777423
0.00011520832163914185
0.00014325713875566607
4.958367907825028e-05
2.2175814727435412e-05
8.031584480844895e-05
5.036210239521411e-05
0.00012273033121963417
0.0001078536127154889
4.3898811030631345e-05
3.155819229451017e-05
3.837118634778572e-05
8.086878141535946e-05
1.9460602475839163e-05
0.00013772578192154186
0.00017254532646979786
0.00012075610994758968
6.672047924523795e-05
3.756698479738041e-05
3.3260928789067686e-05
9.700151843227446e-05
6.068523414657536e-05
4.55909910447291e-05
4.736699698105624e-05
0.00014626110014807802
0.00012783206802586855
0.00010157637338748334
8.792346596670362e-05
2.8166998172235457e-05
0.00012871911712381185
6.521257225922831e-05
8.525398351732942e-05
0.00013975482620507117
8.755000479317817e-05
3.5584023884354974e-05
3.689658367137704e-05
5.145838269133865e-05
3.151928742662229e-05
6.264244296845864e-05
3.7077692126367284e-05
0.0001562335639462443
0.00010755959853320366
0.00018082221908797497
0.0001659894684549322
0.00013744366931851666
0.0002244406171778219
4.391456978875029e-05
4.8395107187739844e-05
9.829565191787773e-05
8.868488150704083e-05
5.096014301380795e-05
3.335652377192326e-05
9.086791940710286e-05
0.00021167156495262968
7.133474362425173e-05
6.528964323639281e-05
9.060303833819488e-05
0.00020398596584765547
2.2291437035516843e-05
7.860380804643203e-05
0.00011239453382243008
9.547452054710759e-05
0.00019169220533067914
0.00023604023551388118
4.447878307121335e-05
4.813583829465286e-05
8.171618044286847e-05
9.190509772155003e-05
9.216369200557279e-05
4.923205095704421e-05
5.355307139841996e-05
6.609510717165257e-05
0.00015532627597327116
6.0479738157098354e-05
8.121181586643202e-05
0.00018674887032291837
0.0001623148406049699
4.934079669876155e-05
9.614476025354341e-05
0.000128461747884124
0.00015777161031777423
0.00011520832163914185
0.00014325713875566607
4.958367907825028e-05
2.2175814727435412e-05
8.031584480844895e-05
5.036210239521411e-05
0.00012273033121963417
0.0001078536127154889
4.3898811030631345e-05
3.155819229451017e-05
3.837118634778572e-05
8.086878141535946e-05
1.9460602475839163e-05
0.00013772578192154186
0.00017254532646979786
0.00012075610994758968
6.672047924523795e-05
3.756698479738041e-05
3.3260928789067686e-05
9.700151843227446e-05
6.068523414657536e-05
4.55909910447291e-05
4.736699698105624e-05
0.00014626110014807802
0.00012783206802586855
0.00010157637338748334
8.792346596670362e-05
2.8166998172235457e-05
0.00012871911712381185
6.521257225922831e-05
8.525398351732942e-05
0.00013975482620507117
8.755000479317817e-05
3.5584023884354974e-05
3.689658367137704e-05
5.145838269133865e-05
3.151928742662229e-05
6.264244296845864e-05
3.7077692126367284e-05
0.0001562335639462443
0.00010755959853320366
0.00018082221908797497
0.0001659894684549322
0.00013744366931851666
0.0002244406171778219
4.391456978875029e-05
4.8395107187739844e-05
9.829565191787773e-05
8.868488150704083e-05
5.096014301380795e-05
3.335652377192326e-05
9.086791940710286e-05
0.00021167156495262968
7.133474362425173e-05
6.528964323639281e-05
9.060303833819488e-05
0.00020398596584765547
2.2291437035516843e-05
7.860380804643203e-05
0.00011239453382243008
9.547452054710759e-05
0.00019169220533067914
0.00023604023551388118
4.447878307121335e-05
4.813583829465286e-05
8.171618044286847e-05
9.190509772155003e-05
9.216369200557279e-05
4.923205095704421e-05
5.355307139841996e-05
6.609510717165257e-05
0.00015532627597327116
-0.034013763370375816
-0.026197551300444284
-0.0007826827210528292
-0.0013123544141870178
0.036978797117604364
