3
3
0
70
0.002275561794447194
0.002275561794447194
0.002275561794447194
-0.8759253514827327
-0.4302772452291467
-0.23277448011725616
-0.0008172355413105615
-0.0008172355413105615
-0.0008172355413105615
0.34496314270534895
-0.22610351251859587
-0.10946960418776103
0.00106018688481285
0.00106018688481285
0.00106018688481285
-0.4133639224513323
-0.49891240313095786
0.7967481966867727
-7.316494529661996e-05
-7.316494529661996e-05
-7.316494529661996e-05
-0.23259870464919144
0.5983403245700418
-0.8778735689021945
0.0007349723582045504
0.0007349723582045504
0.0007349723582045504
-0.41139308947928777
0.9932172574492095
0.5638872678249631
-0.0007951944223817467
-0.0007951944223817467
-0.0007951944223817467
-0.21040961192739027
-0.09816587420436985
-0.9404563771854649
-3.0397302635198647e-05
-3.0397302635198647e-05
-3.0397302635198647e-05
0.024617292153797644
0.4724572691606862
0.9712712459602206
0.0033473635591604323
0.0033473635591604323
0.0033473635591604323
-0.8703762624316417
-0.85218881014125
0.7990644538602986
0.0029633001209595183
0.0029633001209595183
0.0029633001209595183
-0.7744145842113747
0.8975565475817854
-0.0793343599404197
-0.002441095543003754
-0.002441095543003754
-0.002441095543003754
0.4126125678670599
-0.018976639834422764
-0.7599520782524343
-0.0003051730742943522
-0.0003051730742943522
-0.0003051730742943522
0.008520959389889688
0.6852918497683333
-0.14492070634628731
-0.0008115075283443962
-0.0008115075283443962
-0.0008115075283443962
0.5609919312191433
0.26926700293394973
-0.16606151065975014
-0.001014187502929227
-0.001014187502929227
-0.001014187502929227
0.33818631170722413
-0.3370369581612715
-0.801702029449486
-0.00015739268563791413
-0.00015739268563791413
-0.00015739268563791413
-0.10930320719937099
0.48688663644987257
0.4625161021605227
0.00016098580125524997
0.00016098580125524997
0.00016098580125524997
-0.3824854260183103
-0.4934013173436208
0.33037639480677283
0.0017160564334387706
0.0017160564334387706
0.0017160564334387706
-0.4189352225450579
-0.2695469780114679
-0.5164210102286677
0.0011408374239833714
0.0011408374239833714
0.0011408374239833714
-0.3308814371879219
-0.6984438527252655
-0.5783588366737952
-4.75489229290572e-05
-4.75489229290572e-05
-4.75489229290572e-05
0.2579186731842081
0.6109092983169222
0.18530232081888204
0.0017929389036073088
0.0017929389036073088
0.0017929389036073088
-0.700402114451616
0.5098715023666535
0.894651429799884
0.0036527264228739574
0.0036527264228739574
0.0036527264228739574
-0.9611861786411184
-0.7110004585473355
0.0921458518878884
-0.0004032592037620823
-0.0004032592037620823
-0.0004032592037620823
-0.13490238244459796
0.5546310435629603
-0.6845347026610721
-0.001592380053520379
-0.001592380053520379
-0.001592380053520379
0.6090921144782832
-0.9560077366644459
0.35615022540543084
0.0025597554960882893
0.0025597554960882893
0.0025597554960882893
-0.7361578131708869
-0.35538778887626843
-0.8250615408940871
-0.002664457495356135
-0.002664457495356135
-0.002664457495356135
0.8323574480488248
-0.6966266744867682
0.00898259819071529
0.000423925589112707
0.000423925589112707
0.000423925589112707
-0.1750479522897511
-0.3296932483706559
0.352935474536334
-0.0012756023785171389
-0.0012756023785171389
-0.0012756023785171389
0.48158943158055006
0.03497503074011195
0.4981360350376861
0.00015613622402229033
0.00015613622402229033
0.00015613622402229033
-0.22170932547320202
-0.4930202984533694
0.7106495684937352
-0.00026485828883003793
-0.00026485828883003793
-0.00026485828883003793
0.22542535651597742
-0.7141287684408525
-0.4467785697230015
-0.001348919773817666
-0.001348919773817666
-0.001348919773817666
0.905428006071307
0.3307665842862557
0.6450513027351485
0.00176357902209683
0.00176357902209683
0.00176357902209683
-0.3709548630428538
-0.08273635193769346
0.9445582158978175
0.0033661422133335005
0.0033661422133335005
0.0033661422133335005
-0.5600745808415976
-0.3822719205108518
0.9639577658578399
-0.0002435619988366248
-0.0002435619988366248
-0.0002435619988366248
0.0283928312427452
0.9802035076422118
-0.8426053712317405
0.0015558312961468953
0.0015558312961468953
0.0015558312961468953
-1.0112619468568003
0.9197658040342679
-0.11232939864504989
-0.00020565958754840128
-0.00020565958754840128
-0.00020565958754840128
-0.0991165727445589
-0.5236601574567328
-0.9121714867785015
-0.001779317998349882
-0.001779317998349882
-0.001779317998349882
0.5939689182452297
-0.5239873827490298
-0.8474562123700182
0.0028926640587431792
0.0028926640587431792
0.0028926640587431792
-0.7632604734721476
-0.5860772869148752
0.23837137790504725
0.0008619542448582484
0.0008619542448582484
0.0008619542448582484
-0.07274256407925024
-0.03958766345133897
0.47840117492852835
-0.0005517658726587584
-0.0005517658726587584
-0.0005517658726587584
-0.04854814084679102
-0.817821960468798
-0.9390584747698656
0.0003047128741738059
0.0003047128741738059
0.0003047128741738059
-0.36396947883141567
-0.6002571741947583
-0.5995507221935372
0.0017974468032688604
0.0017974468032688604
0.0017974468032688604
-0.499721462008494
0.02816298081536562
-0.7804668697440829
0.00012035258792192303
0.00012035258792192303
0.00012035258792192303
-0.3474229006609203
-0.41652939661723204
-0.537150337794477
0.0007683428275425249
0.0007683428275425249
0.0007683428275425249
-0.7192070334717402
0.12689906219242658
-0.4991536410876953
0.0005672277137137793
0.0005672277137137793
0.0005672277137137793
0.02060403315837997
0.10620892827365934
0.6844107797541473
0.00011356476775197698
0.00011356476775197698
0.00011356476775197698
-0.15585133751574076
0.7454729244329058
-0.14720948202433812
0.004535667864867391
0.004535667864867391
0.004535667864867391
-0.9962581544657193
0.6908279370919445
-0.6575161381668732
0.0006501886021268088
0.0006501886021268088
0.0006501886021268088
-0.9481059490035717
0.2505320027273479
-0.9765522049412164
0.0004926567235432468
0.0004926567235432468
0.0004926567235432468
-0.3053320767520726
0.4924533446751583
0.7007504043448594
-0.0025022315414524182
-0.0025022315414524182
-0.0025022315414524182
0.8934935202661964
-0.637940582367503
0.19663086831716048
-0.0017172510072525598
-0.0017172510072525598
-0.0017172510072525598
0.33630552717845763
-0.419241021059958
-0.22261104571992033
0.0017174707343272876
0.0017174707343272876
0.0017174707343272876
-0.4463989434663247
0.3440174307905062
-0.16166256673486074
-0.0009449797131905369
-0.0009449797131905369
-0.0009449797131905369
0.35932027368120323
-0.04915806283659835
0.46047114815845747
0.0008127946042234607
0.0008127946042234607
0.0008127946042234607
-0.19152661997473702
0.052878585773467796
0.8191949064388887
-0.0019152759428574416
-0.0019152759428574416
-0.0019152759428574416
0.714784330759056
-0.6238739253794026
-0.0657728968978728
0.0015000335385331309
0.0015000335385331309
0.0015000335385331309
-0.13140560815770616
0.9475861674636165
0.7866924445546999
-0.0007878108421594776
-0.0007878108421594776
-0.0007878108421594776
-0.023564324373141283
0.7104508610475969
-0.38852959777812435
0.0012375402153046106
0.0012375402153046106
0.0012375402153046106
-0.7969003023159144
-0.18594593257639463
-0.4334200437518117
-0.001065382153646322
-0.001065382153646322
-0.001065382153646322
0.3060976885385032
0.5289779334535973
-0.6016400476859779
0.0024389492760370887
0.0024389492760370887
0.0024389492760370887
-0.8993777829003731
0.2066413091304188
-0.15848455921553517
-0.002276991076482219
-0.002276991076482219
-0.002276991076482219
0.6735891035087271
-0.37592483285968414
-0.6074138810796107
-0.0005736523890339355
-0.0005736523890339355
-0.0005736523890339355
-0.28523147803825055
-0.2547999275574883
-0.007945035954700296
0.000844650408021476
0.000844650408021476
0.000844650408021476
-0.45423636539758466
-0.8100488832287213
-0.527634056026396
-0.0010974216059314998
-0.0010974216059314998
-0.0010974216059314998
0.7847014647357954
-0.011914978330602668
0.6635953450122543
0.0033313087901356243
0.0033313087901356243
0.0033313087901356243
-0.6816926788141413
0.3437860179895138
-0.03695262797910221
0.0030674172008284843
0.0030674172008284843
0.0030674172008284843
-0.9351203719758131
0.003706958770584333
-0.6421322579368068
-0.0011421515229221434
-0.0011421515229221434
-0.0011421515229221434
0.6108113207925843
0.8571763381666281
-0.7994648119175576
0.0013511337727387229
0.0013511337727387229
0.0013511337727387229
-0.17455919069937184
-0.2825047181871051
0.5584996135866671
-0.0020303312039526684
-0.0020303312039526684
-0.0020303312039526684
0.5824457818518972
-0.9628835461105901
-0.9517717700763458
-0.0018743213548906355
-0.0018743213548906355
-0.0018743213548906355
0.7153170336245303
-0.6884507406933293
0.8674308092661484
-0.00015877791769187857
-0.00015877791769187857
-0.00015877791769187857
-0.11895941109810398
0.5414822183006096
-0.8266489839461684
0.0017088391950712703
0.0017088391950712703
0.0017088391950712703
-0.31093319608102316
-0.7806279838747211
0.1456909657963899
-0.0001320512945579105
-0.0001320512945579105
-0.0001320512945579105
-1.5689675561169236
2.832123099256468
0.04121958025474679
1.0150956097734876
-7.59347545903563
3.0503758016248814
3.8119713229605376
-4.400358795618751
-12.45764007412656
1.5327028240699965
-7.087686085278468
1.9988233752140405
3.990788159334898
0.770058947787615
3.5875196549210497
-1.268043219621192
0.8968183790710771
5.268734924509961
-1.9858576159540149
-4.3337449785920334
-1.8574821674684292
1.8851822977125894
-1.3097984395305726
-1.2826169861794856
2.260953481113335
-1.8737244005399367
4.259640637823765
3.000673673109549
1.0383850108951596
-2.5947559822567876
-6.282807279847648
3.089971779314534
-0.9000906554307926
4.36118532863492
3.3621897638850022
-0.31332639226171854
1.7247912731399817
5.010463500774511
4.1833465724449
-0.09689725580293317
5.094980156464386
3.225713724097594
-5.389015359879042
-4.284103568756146
-8.014193208724532
3.592354847967006
-6.4616920090345955
-0.3062641750811764
3.3607932632470208
-3.7470006699233203
2.9247071859640306
4.156173666748256
2.260278463712187
-6.2895131945264655
3.363162410164683
3.295500622933242
0.92135949336963
-1.588758782414754
0.48260254217804455
3.2135317505124403
0.022839374212316195
-2.7058319819611194
-7.075251431643165
-0.4501508494323981
2.8631089164933066
-1.2892769788135432
3.976062844586363
-0.2879258035463626
-2.7756847259753408
3.1637426671228357
-0.00013443665234881365
-0.00013443665234881365
-0.00013443665234881365
-2.0369940093559658
-0.13960852901431112
-0.173110675979339
0.20407384857620095
1.6133213679985474
-1.234007367501292
0.2894651016612308
-1.3620892359951158
0.5350280156442658
-0.16846565567057456
1.4919714905966246
0.5982636753357583
-0.957903895160354
0.8851033054352822
-0.4569166693448254
-1.0013103745797594
-0.6659038924589464
0.17583565649551686
0.6171571076687501
-0.6219062445170006
0.011200279231264532
-0.5966336994392634
-0.4943459798924606
-0.9337866694838668
0.12806719358656868
0.38478575536281745
-0.6797549624087129
-2.1404495563983055
0.021488939294973558
0.43790019760210297
-1.8565656793094447
0.4909547321427479
0.22075110459996103
-1.0542031941375254
-0.7323383484869125
-1.024254055936454
0.46213006539011975
-1.570301348274394
-1.7589530199833359
-1.1849124889049154
-1.7198311190669835
-1.268821641979343
1.222457758548066
0.999104312963743
-1.1599796866136558
-1.574283960568258
0.5576141033737343
0.5803831945076091
-1.4817409121833527
-0.021217608429622684
0.44614538204657267
-0.34531927863956974
-1.2274891053677082
1.191555767846603
-0.00593890615446574
-0.996231260455283
0.34994146438726365
-0.4505160125698347
0.07516017758099326
-1.4734817913469989
-1.0189167838126563
1.3138159884932605
-1.1876581288228798
-1.9750186955369393
0.7412571142901269
0.360234331372016
-0.9806011365321912
0.027526988768715385
0.6038497402944241
-1.628869188350059
0.0013980413135715763
0.0013980413135715763
0.0013980413135715763
1.4342219721541172
-0.5379575401326788
0.9619686093189221
0.05149285740375517
0.30839736692987985
-0.47443257707988623
0.3479564856317489
2.1995776643921547
1.635599447916813
-2.105916320166644
-0.8491162286334308
-0.6617389401890642
-0.5877934833292624
-0.018251571422344095
0.43473410176064653
1.1723189323526446
0.9164838304796157
0.4574534340884017
1.7589114868174707
2.372947991664372
-0.5415510859523921
-1.4385049975603326
1.7893662223694438
-2.9173935005748146
0.6174485258145497
-1.6829088603188995
0.4843818109643737
-0.14573961893592163
-2.057936660130326
1.60318069020945
2.37046660422952
0.09926151538015962
1.3214967838464033
0.14764253345575884
-1.300409591720912
2.2119138039901145
1.082361663590349
-0.1072252825942492
0.46596030594467064
1.3232570775406907
0.4127057545559291
0.8066372856712212
0.24421014206829583
-0.19157979266882716
2.8356811026267326
0.6915667458055871
-0.004887186323157111
-2.6888998593980147
-1.4049822274649895
1.189944143514753
-0.7501848560717531
1.2334046772658769
-1.7963559457751654
1.5621302531504393
-0.47567824149760984
1.1925375878612807
-0.9552353910655886
1.8234531560447853
-2.0699300779444196
-0.33721669626016265
0.5582095660969494
-1.6471046684442598
2.1461018456070784
2.1578704855520354
-0.9441240824980752
1.2128836510850558
-1.3794518798867854
-2.2525362705444767
-0.34580520989139196
1.561449225868555
6.761281880631416e-07
5.445901701680374e-07
5.363220368329044e-07
0.00011859792683274525
0.00020868022828487824
0.0001919754666451631
0.00017516648573314594
0.00025644710272569696
0.00013931511181175093
0.0002762382733342443
0.00014589098422634382
0.00019641685935854554
0.0001905693594701328
0.00023232914942645299
0.0002448605974253125
0.00016747393587825978
0.00024508528693321073
0.00017068914011773988
0.00013871686479534017
0.00012156707294545816
0.0002600856058778199
0.00023068768623936737
0.00011578596634586213
0.00018891600796515582
0.00021161415611508055
0.0001048026371756154
0.00022168217803957607
0.00019343397345161455
0.0002605656608133285
0.0002002116225671025
0.00015909361241619094
0.000303068040535703
0.0002237996633187428
0.00019707013490162693
0.00021341537819583972
0.00018070463956698274
0.00012745657506114805
0.00017180090938831105
0.0001386742412375906
0.00022145040944283756
0.00011623306066729023
0.00012312901784966704
0.0001358073457395594
0.00013506436393142247
0.00014061348758088289
0.00024504861476498245
0.00022484878478158793
0.0001436248386378852
0.00011264769701083962
0.00024492671288306006
0.00023799571948927546
0.00019230876585101626
0.00018465506032617986
0.0002472555940335343
0.00023578174048741608
0.0002140840251898745
0.0002807234745265485
0.00021925102075095307
0.00012491486122742347
0.00022018362141591028
0.00014974227680181283
0.0001966464932522105
0.0001720004728926972
0.00011243947764551727
0.00028323022112517203
0.00017594340707629652
0.00011677478028786284
0.0002461505826868439
0.00020641607686262646
0.0001444389076924459
0.0002572207244401833
0.00018206168190259227
0.0001517917976638022
0.00011859792683274525
0.00020868022828487824
0.0001919754666451631
0.00017516648573314594
0.00025644710272569696
0.00013931511181175093
0.0002762382733342443
0.00014589098422634382
0.00019641685935854554
0.0001905693594701328
0.00023232914942645299
0.0002448605974253125
0.00016747393587825978
0.00024508528693321073
0.00017068914011773988
0.00013871686479534017
0.00012156707294545816
0.0002600856058778199
0.00023068768623936737
0.00011578596634586213
0.00018891600796515582
0.00021161415611508055
0.0001048026371756154
0.00022168217803957607
0.00019343397345161455
0.0002605656608133285
0.0002002116225671025
0.00015909361241619094
0.000303068040535703
0.0002237996633187428
0.00019707013490162693
0.00021341537819583972
0.00018070463956698274
0.00012745657506114805
0.00017180090938831105
0.0001386742412375906
0.00022145040944283756
0.00011623306066729023
0.00012312901784966704
0.0001358073457395594
0.00013506436393142247
0.00014061348758088289
0.00024504861476498245
0.00022484878478158793
0.0001436248386378852
0.00011264769701083962
0.00024492671288306006
0.00023799571948927546
0.00019230876585101626
0.00018465506032617986
0.0002472555940335343
0.00023578174048741608
0.0002140840251898745
0.0002807234745265485
0.00021925102075095307
0.00012491486122742347
0.00022018362141591028
0.00014974227680181283
0.0001966464932522105
0.0001720004728926972
0.00011243947764551727
0.00028323022112517203
0.00017594340707629652
0.00011677478028786284
0.0002461505826868439
0.00020641607686262646
0.0001444389076924459
0.0002572207244401833
0.00018206168190259227
0.0001517917976638022
-0.005502137273246271
-0.005601527181200569
0.058251721398815674
