7
17
0
50
-1.0155159148585637
-0.017661763141550022
-0.017661763141550022
-0.7021776540494031
0.7234119333370364
0.024729976419838314
-0.9045702705550512
-0.8217053289834049
-0.7222843933770864
-0.13498493826834645
-1.0395342378723345
-0.0176566253420471
-0.0176566253420471
-0.5643572450543632
-0.46401262952161604
-0.8513843722213061
0.6306795449769302
0.6211709230197625
-0.7993660574911041
-0.38784189702956134
-3.3364549222794007
0.03040840893607327
0.03040840893607327
0.6649144905774517
0.17220907723323492
-0.04324433637552718
-0.3314122583876253
0.2296420288752403
0.7812316815862465
0.4553878178966932
-2.9301383128127783
-0.01164881768118783
-0.01164881768118783
0.676621848795483
0.7917650272028656
-0.7791573246591001
-0.040498907996749954
0.4360766402782631
-0.3419555014440664
-0.6527110281758507
-5.681146233469519
-0.011094560706871641
-0.011094560706871641
0.6195177778816569
-0.11588548344300942
0.3943373448414488
0.9120698058938757
-0.6096897726372955
-0.5062357331033915
-0.6622004052623647
-1.1291786282599363
0.00304014081624343
0.00304014081624343
-0.4872201736917658
-0.4141922816677975
0.57462533275915
-0.5650939325544826
-0.28338648135899763
0.2805417086511318
0.22543457471484302
-2.307719102231319
0.017649127937100103
0.017649127937100103
-0.4642142369349639
0.4421145141111604
-0.9165062754202384
-0.7407850990954299
0.7154019536934333
-0.045496548310372635
0.9957526323092535
-1.6541863814002424
-0.011396594143697073
-0.011396594143697073
0.9634979546067043
-0.4751134792412115
-0.2559462653774503
0.1290837927571615
-0.07530684899029337
0.22270900846882144
-0.7413027277016709
-2.117443828817793
-0.016857547766289283
-0.016857547766289283
0.09935779454519919
-0.6029986096237784
0.931471515702368
-0.31784743193934023
0.2081890637562921
-0.7706209465358771
0.01655928776815749
-5.250510804866958
0.012685218061650998
0.012685218061650998
0.3821911992865028
0.4334638212087983
0.9552502495012767
0.8965873528207672
0.6581255608463739
0.300885880904177
0.521625315808551
-1.0655018121761477
-0.026743111567712412
-0.026743111567712412
-0.9866608405510672
-0.6861850306573155
0.646919181427224
0.5646532732738123
-0.9343628609077403
-0.1723508516855061
-0.7780500818247371
-5.353604556792734
0.003035479375808799
0.003035479375808799
0.4596532546980108
0.878608435976916
0.4054508307205123
-0.43056991552791063
-0.17045777778423857
0.6771939205976694
0.19376547861558904
-1.6021563265976244
-0.007502603376266273
-0.007502603376266273
-0.09805301503156945
0.09971444743019767
0.45853807086337867
-0.6003204938397899
-0.9731784800506901
-0.11192129191177165
0.626458446853646
-0.25085206487273876
-0.005204808100785405
-0.005204808100785405
-0.7986684558897809
-0.35101344949158586
-0.7568226058088343
-0.2702274133475805
-0.6234623423271317
-0.33702572953056814
-0.025335160607659873
-3.3993642824794645
-0.0042544136030502385
-0.0042544136030502385
-0.849244382648644
0.023978911410409927
-0.30624196597398895
-0.985864400070897
-0.514309115354143
0.061005310494513194
0.5669078549814818
-2.278653483271062
-0.00641736355945751
-0.00641736355945751
0.39475505856443427
0.6062492262906439
-0.9241055539796192
0.5381898062211636
-0.24660678433538355
0.7992153196848026
-0.7584052845087829
-0.9707798505462827
-0.010130169280254628
-0.010130169280254628
-0.6477736260448655
-0.8179250674621971
-0.2098027586882494
-0.8055402787584348
0.4870633064895985
-0.11805741227210112
-0.020914631048010047
-1.2900017841958538
-0.00136751611951145
-0.00136751611951145
0.2041512505188114
-0.13191810533877898
0.52534325004988
-0.38844516077789343
0.13982490388648078
0.642688739283243
-0.7067719317286674
-2.9561543626817874
-0.0028742752126842026
-0.0028742752126842026
-0.6263761079695161
0.5361430149946654
-0.588382903653808
0.9680538152028036
0.32309056672859415
0.33964249742080393
-0.6811127151464366
-2.5224977586301556
-0.010014969324168718
-0.010014969324168718
0.7267413204263947
0.8972360598082738
-0.7112316320956533
-0.4967235694531231
0.12704579178264605
-0.5280992215883383
-0.43805671249782496
-2.8443670537130106
-0.009123947340965584
-0.009123947340965584
-0.4028043822156784
-0.19446864413873022
0.5655158465974777
0.8342021458275394
-0.06065136628895136
-0.6342445321690334
-0.09902327958317605
-2.9631063697721824
-0.011207552075224898
-0.011207552075224898
0.5443608053598253
0.0670215523122668
0.6246306901077123
0.12354130432704236
-0.49468722998863807
-0.668588279547363
0.4480794963930403
-1.2045280153297997
-0.010012216024313634
-0.010012216024313634
-0.04262545619292248
0.09753565278717986
-0.6768458135406176
-0.5729844795039643
-0.8289102451086341
-0.1655069403491049
0.06083743506869044
-2.3934253815838273
0.0063597630002906885
0.0063597630002906885
0.692703090376634
-0.15327303616109356
0.3276861669965617
-0.43845619319833673
0.05127212143788849
0.9487970536618102
-0.7668708536744286
-1.9780997239756413
-0.0198271891704272
-0.0198271891704272
0.21676530164461574
0.13738791991979113
0.2282741545309714
-0.7400968165244239
-0.7439052494692522
0.10745396399177416
-0.9663213852147063
-2.443053224112596
0.010094131003011932
0.010094131003011932
0.8726913900329142
-0.1218831108797962
0.83462034560009
-0.36696943126714693
-0.373771805701394
-0.05071771979040101
0.44389269386005187
-5.402698480856649
-0.004726680038236693
-0.004726680038236693
0.8748745748573336
0.7643792248209185
0.6447542684865907
0.749122174137374
-0.884704144540074
-0.4178563514740341
-0.3338160353221248
-1.0174679609265
-0.030846821154799916
-0.030846821154799916
-0.1903872342359168
0.14573597184853274
-0.5630105756235461
0.484605530189351
-0.980508105438803
-0.30232866550207166
-0.41434070678623225
-2.8771742383697156
0.006079606344249573
0.006079606344249573
0.29351411551176754
-0.6518494513111491
0.6780497948326246
0.8652128207720828
0.31764598286487017
0.3884061813123447
-0.8948999274200956
-1.4553514431260182
-3.9893208939594534e-05
-3.9893208939594534e-05
-0.5329958315167087
-0.9649315589850322
-0.6862162498192313
-0.9678602009756689
-0.29750262818419004
0.23707175017098028
0.11824546634348207
-2.357436811105254
0.03189032349455788
0.03189032349455788
0.6236427437153608
-0.4515711908399979
0.6813425797779732
-0.8956505025005536
0.25266351091694234
0.031814925383974076
0.7963012606880205
-1.0012081821354124
-0.018095959290715745
-0.018095959290715745
-0.44633902095713057
-0.4868458050278401
-0.4920291667686988
0.6418291573647362
-0.7530376859243475
-0.5864791596540212
-0.6926384595491757
-1.64688336222551
0.0037943268016952508
0.0037943268016952508
0.7414691991944251
-0.4471570209234171
-0.8870311206483136
0.9222818263193606
0.007543185513618789
-0.7688403209751341
-0.07942744271793595
-1.8769622783196618
-0.021697055429396664
-0.021697055429396664
-0.9629404958835411
0.5655811542912677
0.8579703312780035
0.11207022815297037
-0.6588562530922509
-0.24158672762146846
0.10043094759929558
-1.7972974592756064
-0.02533742079018797
-0.02533742079018797
-0.16891864498300221
0.7705469336620958
-0.11023515568630045
-0.39172742294266555
0.7079293301085242
-0.5385607996120488
-0.48476550191717727
-2.386664241360772
0.012236445729471574
0.012236445729471574
-0.23859530838571513
0.5098137105918804
-0.6484824759606274
0.9145447344245546
-0.4826493091785284
0.07329020835042953
0.45072036821671396
-3.675363553658052
0.03954631531660448
0.03954631531660448
0.9813790509054302
-0.7641053380776756
0.20518895521549033
0.6484959932848747
0.5486968680523178
-0.015690387436031645
0.6846679260828605
-1.6202888078270161
-0.033400645793912234
-0.033400645793912234
-0.2065511716210454
0.7374034930419887
-0.3894392976396957
0.38270404343513426
0.15366433141538838
-0.948605440120971
-0.794063070531088
-2.4482342621724134
0.019870631619397793
0.019870631619397793
0.24321295791493647
-0.2468147025930833
0.3400552164955752
-0.10131976786367888
0.46989172551551467
0.43551906186301353
-0.0805770163265819
-1.5244848709444645
0.01601781747660457
0.01601781747660457
0.2028374797395732
-0.9462928908414362
-0.942510279684098
0.2946579526898286
-0.5189717058376604
0.9174862063111305
0.20614889527735644
-1.250186801908873
-0.021099195703026465
-0.021099195703026465
-0.35313961965399643
0.4917989057438013
-0.9025984207609037
0.3820645966731946
-0.6787340670768142
0.3121167127953102
-0.3295479850973033
-3.3309021154929264
-0.015094803262332854
-0.015094803262332854
0.24610064714012878
0.9087143036564549
0.06620206282227657
-0.8058359358447089
0.6013780350632699
-0.45213534366794145
-0.09421517632794198
-2.2231440367894493
0.014834463995955404
0.014834463995955404
-0.5324997468372092
-0.5756175832643627
0.4601988724200145
-0.09837614771512733
0.8809978825824569
0.025417480385681687
0.516202259925117
-1.8775647313925488
0.015038805948962595
0.015038805948962595
-0.11895696707489246
-0.4285384976879353
-0.6301917930437865
0.798030463616631
0.6495863427684254
0.33333671309822444
-0.3210160895317256
-4.537088355214096
0.029209488529481197
0.029209488529481197
0.5009898353804251
0.8392220627237625
0.04801394744520724
0.06619107395875756
1.023070414331539
0.01096049665095972
0.6311246515766823
-4.997790057319626
0.021216570305102815
0.021216570305102815
0.5453272924144752
0.6086554683676776
0.5188151472845515
0.6097593182396148
0.8815027763074154
-0.2364333014277211
0.9910977906455516
-3.571809204265305
0.012681551465680589
0.012681551465680589
0.6682522791576013
0.1827391599801425
-0.2680579951638274
0.6819417754474226
1.0058741801912343
0.2502443728703034
-0.6141549915930542
-1.9710935780560246
0.029005569107122927
0.029005569107122927
0.42770458015656715
-0.6559192502410311
-0.7999078541481578
-0.15669686405440592
-0.13797159029828107
0.06949955045833027
0.9650885093163909
-2.520825009962569
0.016400160006114824
0.016400160006114824
-0.8688892579183598
0.3148839522181065
-0.4361981480578208
-0.10913560956797796
0.6291667403091455
0.8763801014226376
0.2985485038112199
-2.040342224147807
-0.011687429279787725
-0.011687429279787725
-0.2514450193763388
0.6065923075656927
0.7135627374393129
-0.9466421136871308
-0.47928535938186634
0.5776459249391347
-0.47273009162924884
-0.43284638118119684
-0.00043921272392595284
-0.00043921272392595284
0.5184355962016787
-0.30272751056345076
-1.098802514814557
-1.0028566499681228
-1.0007000394347598
1.3205341906079475
-0.09816573444918682
0.3223158971405183
0.5397251509562102
-4.665756439393139
0.4734762998006023
-1.142784658925358
0.8728349564232125
2.161566148102202
1.1790287055996933
-2.2656924072640843
1.8004853607336184
-1.084790058130639
-1.5978367596595533
-0.7250584300230233
-1.225578407410092
-1.9288418046238809
2.1865309375092172
-0.05363538818812147
0.0035999063583160335
-0.11975824060985368
-1.9505572404645126
-0.5143524241506993
-1.279966793645906
2.394881260293867
0.7167606821594912
1.3283761557749434
-0.8127884563693346
-1.0904986757866173
-0.41580674874179124
-2.8129718681327085
-1.6174904788688764
-2.350939026827572
-1.7630700544966222
1.7860631308451245
0.38599577548742164
-1.1616914151113795
0.49103621468597214
-1.6560989739015386
-3.6570204675888185
-3.919536362629643
-3.0183758765472257
0.6151114887926089
0.45217482765655104
0.9113380290074015
-1.340734706904455
-0.0004653296490438468
-0.0004653296490438468
2.2172242442005907
-2.15767905361505
1.5650696073631105
1.3838060381941135
-0.293413411381073
-0.5397854721023695
0.8623612023519389
-0.35601130153543253
-0.28555058071623446
-1.2945224936647912
-2.122232008664035
1.3966228634025448
1.439785583867005
0.04299850698266666
1.177807816485453
0.2713284479091283
-0.18128856491139056
-0.20848765212120857
-1.9762955603792858
2.417651695954062
-1.9389290425343009
0.09212288387576795
0.7153354970372128
1.3186945115106101
1.5136328088244075
0.8421179209074592
-0.35561753692836634
0.3826543496190643
-2.91732229087951
0.30108178224537907
1.027001250670988
-1.189477873232698
-3.24466434877767
0.6527741079258161
1.4198931919091415
-2.116968299849177
-2.352861755412293
-0.46769435221648936
-0.329045219234566
-1.4571253854728534
-0.4385239542874789
2.744630306405933
-1.7826961895559883
-4.799954281881454
-0.14580686588668657
-1.0757609574633251
-2.047655509465559
-0.677342828995092
-1.2753207367007071
2.6684073317577695
-0.9275642897156708
-0.00046060699749534285
-0.00046060699749534285
1.0529759375320489
0.41408129309283925
-1.2885778414776095
-1.598098201040261
0.799950071735478
1.551205976716828
-0.5162886972812455
-1.001323428217742
0.6729727359326044
-0.8126182363086275
0.9820752358977766
-1.147329714379993
1.7463169806640075
1.057254411254724
0.1546103125983078
-2.2888407795091625
0.27955492014402983
-0.23378924579165217
-1.460952743159815
-0.10035872841437135
0.17710870948410032
0.15923189107719005
1.325599819510231
-0.368808257410891
0.8216925552128712
-0.8449630583523814
0.2824617478533868
-0.27688240393719454
-1.6714725631223581
0.8578907418469885
-1.047503595892007
0.15038075409226265
-2.2423914690948332
1.3643698963713529
-1.2272416410625075
-0.435069643416092
-1.3514556620236842
-1.3215315940542645
-0.4049388442002354
-0.5786124702138836
0.042137270146623655
-0.21500318784507932
0.2982066444502668
-1.341521730696118
-1.990714339131836
-2.501694935296179
-2.7969898497536367
0.33140393485621117
-0.5363394588692549
0.7520001662038203
-1.218225152634428
-0.000585258592368028
-0.000585258592368028
-1.0424381427157252
-0.278161176813965
-1.1629844322246627
-0.9394383341768545
1.5093856477095713
-0.0684694601187242
-1.0160983560907073
1.245660579084354
-0.0033779587509593064
-1.2811629270070695
0.7223553937242772
-0.28436496399988576
-0.6055143813365371
-0.7727311623779405
-0.2236317466174548
-0.19971277299897738
-1.2854386521561136
-0.28137413706842945
-0.4142295828131191
-0.08947943018159768
-0.6056180889437872
0.494342281072727
0.1106868275714766
0.46627542173881076
0.49937925244886466
-0.1656760823154155
1.474248364864271
0.2580193329886535
0.07558770293517986
-0.006082889700869189
0.45499381931565314
0.061181306015012954
1.7706569411859512
-1.1363580353419582
-1.2249579645898732
-0.7766128055964776
0.04386534979796993
-0.31989629645759665
-0.34683750053259016
-0.005068756514418254
-0.3306889761361579
-0.36337527340190695
-2.3462472236898524
-0.7773015401993038
-1.1225907404409117
-0.45644878768973973
-0.1749473360155617
-0.4675027058987683
-3.014588839060226
-0.8247415736020829
-0.8471176014456354
-0.0003691231371380286
-0.0003691231371380286
1.4626304964572714
1.5075122464466113
-2.5917763931335047
-1.1284104591118669
-1.189476893755707
2.210045897571396
0.7758709233493628
-2.248358378759399
-0.7179360342774448
-2.746345678626984
2.412876673888884
-1.105279487820942
1.3440883059693587
2.434343241631525
1.4235895482033516
-1.7168250734103752
2.407988783874867
-1.5103895239281924
0.31392890712876365
-1.8457480213982767
0.589408864516974
-1.65574512419038
1.7529184550604366
-2.2721783632829697
0.484294046402181
-2.6652525159226124
-1.5915457517395235
0.4891562862156395
-2.1139428999894037
1.1226189649214582
-0.7961527620782074
2.4169337035349385
-0.08944858462066368
0.27838345442266327
-1.726646774572434
0.8871975720489799
-2.600173861985837
-0.529112973701893
-1.177866059828407
1.4005556447240914
1.712160660479832
-1.4010697054749786
0.44225199971592305
-0.34592490912386853
-2.4796742936221383
-3.890166949509896
-3.1679474972704087
1.5548025520376085
1.0237223041259287
-0.5901431634281644
-1.3154778783510375
-0.0005344360677359016
-0.0005344360677359016
-0.10042866438179807
-1.1664863125708531
-1.7018106028045061
-1.165153639022318
1.1990999958847177
-1.139618634891355
-3.7086218430363007
0.497571575677496
0.9029356165861575
3.277621790685943
1.0301105999096904
1.2666037567737602
0.3956474630715508
-2.485700765348019
-2.012507168432001
-0.11207738226161117
-3.49348557067449
-1.0963857928700127
0.5129663668168936
-1.0572530273584062
2.6205739648702533
2.7440865545739737
-2.199242631640168
-1.8466265882823358
-0.42148382878643814
0.6004022140357883
2.7215488048994625
1.5845875334131974
1.7524755635031628
-2.429483823844231
-2.6989391469749835
1.0877774476855595
0.9326235582072633
2.417064634623433
-1.5049457484986328
1.552157290433901
1.0575085083256408
0.7030211492871148
-1.1031476261861188
-1.7644382833365007
0.22418974796757876
-1.5576709228259191
-1.3416598678726628
-0.6945516176883767
-0.49344809379388505
1.1710043140974045
0.877238270363359
-3.0374748150466804
-1.9336303742853405
-0.7439157083017056
-1.2615969083293723
-0.0003685920212542008
-0.0003685920212542008
2.519496292575213
-1.562299027966523
0.2625013239242062
2.7102400912473357
-0.05433641576349208
-2.4203332445614487
1.1352402487361128
0.21958854655708482
-1.7286462717389637
-2.3698719189797504
-0.9939527928778598
0.5616452298473735
-0.1321795189085538
0.7418051026454454
1.0078072169526309
1.5121891772004485
-0.42919558322977724
-2.0195766487416207
-0.4781059849113045
2.2743238777778547
-0.6674509005384184
0.9834040536029584
1.9345686710053414
-0.36004176600101595
1.0975562839721003
-0.8132047423704575
1.5884028653592768
1.3189471756627114
-2.5812263693854836
0.33042581876169325
-1.3265194293706644
0.9192701280496848
0.520239366620007
0.011650945700065222
0.42004786260331084
1.68365404883078
-2.1594112476736136
1.066024812786028
-1.550845110110316
-1.0129327801147183
1.813287112798124
1.3671677176674502
-3.529213042949228
-2.3108133440748655
-1.132537815128285
-0.6451361074650992
-1.2828541696496945
-0.5860631658071813
-1.275422169460348
0.6147585079951094
-1.201648977765391
-0.0005906727376603693
-0.0005906727376603693
-1.1010579694711833
0.12364207320200797
-1.4475864948417743
-0.7838611766725179
1.5148607447220712
-1.564022078104119
-1.3009302388362742
0.8365018139395654
-0.16776511833113517
-0.06814737729180576
0.7712367370591992
-0.08918889235578682
1.2421908285012446
-0.0703451035100967
0.09140815681638825
-0.32105912822016586
-0.2625342932225537
-1.255535322480036
-0.726246042781511
-0.3503535171168112
1.1843488705838947
0.6895802244474142
0.20213112729490523
0.273598080143793
1.0250972124015771
0.5224193582114035
0.27592832704110953
0.8657024375647606
1.1043826454922168
0.08590942141729178
-0.07195716670644976
0.7557996771252311
1.431940333429442
-0.901943086803882
-2.8072170070431266
-0.5105525860469373
1.015295334247753
-0.38938875672620515
-0.7354980622721539
0.6649832277874599
-0.039347723746859194
-1.336758796408308
-1.7839405994417188
-1.137477095192082
-1.1962352589207752
-0.5161652205395149
-1.5923743368202776
0.8731511208071011
-3.157363861469382
-1.6459166165480021
-0.7418359579789582
-0.0007028497886381093
-0.0007028497886381093
-0.610994887563701
3.1102701018177146
-2.4354432846314213
0.5911517925996067
-0.267909773033218
-1.0845842256694345
0.41085833300704544
-1.5309799593123727
0.659142291230719
-0.2909692660152639
0.9317830403981205
-0.8776364747946658
-2.512982794125801
-0.8858329792529444
-0.3706124035177447
-1.5228815070874386
0.26266396861595614
-0.3776660709671115
1.1448633422916132
-1.8094383152707771
1.420467777691267
-0.5598827415191332
-0.6192963259669643
-1.736338476540605
-1.792028513539056
-2.231729636441074
-0.20211647047915257
-0.9563201585673321
0.43377880296980686
-0.49845732672827536
-1.5625463804386308
0.6935753734509972
0.392405306833137
-0.028300329312668345
0.12039565809185598
-0.6972289161017727
0.5339036747969182
0.30972916514262855
0.13571664034552636
-1.0442877616718835
-0.9634972379923675
-0.9144107336126179
1.3611053466995442
1.9519593926514305
0.5640351534038014
-0.1660271662094235
0.27236276764151585
-1.0675279295625533
0.9540407946634406
-2.7540868598908057
-0.860936942578425
-0.0005008677286051382
-0.0005008677286051382
0.2762785394151759
1.7735419564643002
-0.7000389302161013
-0.40310034668527484
-0.991409460061056
0.02778361425925946
0.8376951879869291
-1.1153659097606274
0.00391853186506282
-2.7331624915876658
0.6772009328071087
-1.2984532529422932
0.10505875065953708
1.1385462893211737
0.8190384142956786
-0.3214087435229336
1.9458666824101216
-1.5363287859550796
0.9580713329885334
0.1490482134358231
0.42253056715205917
-1.554404923684868
1.1101009915412205
-1.076749926963606
0.03028977411913621
-2.817400444774396
-1.7418117104894852
-0.16235695407542666
-1.5804993003805867
0.33087640111226196
-1.3483564274523292
0.33687179455674676
-0.22799420406413357
-1.3695545252896417
0.9678020442185268
0.3702907439387194
-1.4515411415118775
0.5881597260378892
-0.5641469589298367
-0.24698537853220567
0.5696303078571173
-0.4741541871442364
-0.6534797793637013
-0.10958302757010233
-1.0288172554803368
-1.1141010861037135
-0.391523776944386
0.5671265917720102
-0.42833322321492334
-1.5599328238755614
-1.4007353997855718
-0.0006699734230295774
-0.0006699734230295774
0.026684856976221548
-0.47339036225698766
-0.11736916980761183
0.5472057843824597
0.5335817206841686
-0.9850891806406781
-0.06078786173654045
1.094690091781297
1.4993058498962912
-1.8381053521708055
-1.2078811591919583
-1.1197326723881107
-0.4961801792943328
0.011480355693814505
0.5880684818147935
-1.9264362079847213
-0.035278579553340586
-0.09091324348648457
-1.4957652680618527
0.8653272500886069
-0.4698512414358652
0.5036605902920819
-0.8499037311667524
0.9286492082315826
0.6803252639047928
-0.24427859343021818
0.41372842927946
-0.18217199464934167
-0.6384481825042733
0.3767102881493585
0.5109916984080075
-0.6975765546746426
-0.26968158214850557
-2.3429287365195712
-0.14817542482068316
-1.5679811603967437
-0.14117695604747207
0.03039880793110235
-0.2015932292472336
0.0005020224923813766
-1.004366580098089
0.015202167124930525
0.2853673796193157
-1.0175553496462362
0.44029214979565995
-1.205105211413497
-0.7977540905214827
0.7735538551489607
-1.0601986356691293
-0.0381674859285963
-1.0894544233113925
-0.0005550471751045737
-0.0005550471751045737
0.22246839266629873
-0.5900652698573317
-0.7876217700432115
1.2594341437175296
0.8180013728939032
-1.888517260122846
0.1476879228819367
0.04624912956426117
-0.2784747717382279
0.862714836584683
-1.1338439479697013
0.6960374567345111
-0.31255229828945225
-1.245076300696799
-0.6078449728164322
0.9550817539491125
-1.5991771308548643
-1.4021479416111886
0.9463839163739386
0.8545987918018597
0.0472597425926569
1.1409501015989192
-0.2983408505049005
-1.4737094762118361
0.4565700232462553
0.06379670252514559
1.5661799876810465
0.3163205383546621
-1.2660099338130446
-1.9454832133479718
-1.9286556150794063
0.38607886900740074
0.6462590691055212
-0.8095456438719275
1.1200226593327693
-0.025379162526518485
-0.8861261190434568
1.394420485919895
-0.5030970868404512
-1.757286169174467
-0.61356498117511
1.0091440561753262
-2.6197764070343594
-0.40111104292001126
0.6547030485532086
0.8679884986219304
0.11327358920344281
-0.3374633686966841
-1.7187447546205552
-0.13283025384868463
-1.2224944183778672
-0.0007848660698654023
-0.0007848660698654023
-1.343602385354902
-0.5483970070210686
-0.3804138660183839
-0.18288460952993107
0.9988404660421192
-1.4564996807869413
-1.807802102567424
-1.630338430913455
1.9640005626545114
2.6025281398642903
-1.634961664988438
0.6632439661652024
-1.6097470591937106
-2.5616743485360787
-0.5421009248850622
-2.533028760253641
-0.81620475609818
0.867517176404031
-0.003806023233998963
-0.34430689615541626
1.1253459321059427
0.8298532618545368
-2.1260627084526997
-0.08952748022344137
-0.8708910022561267
0.4653069097017319
0.4791775009607382
-1.611226629473525
1.1348176316673173
-1.518245632214414
1.1033660569332757
-1.29584084200421
-1.6640531036355284
1.4747657820050064
1.8203173132815895
-1.517798738097194
-0.1045258181076799
1.513664043553724
0.29024308354572514
-4.200230909769824
-3.2331726146895092
2.2563190757503766
-0.10422820909019015
-1.5215241221469749
2.902398480547367
2.6174590650392373
2.2966277936074198
-3.195182624772912
-0.7589171670610386
0.5899512522761239
-1.001420095480914
-0.0006747487458767712
-0.0006747487458767712
-1.3421593243075671
-0.32090784942017503
-1.6474906531861486
-0.9300149678913042
0.07181665602244422
0.5809556107547142
-0.2956935648171793
-0.09249621784257872
0.10599091391333142
0.6588387833927722
1.2330726650884718
-0.623553427247915
-1.558957354530435
-0.325169036475947
0.2830868340063156
-0.6722903630975061
0.9711782569280721
0.359018057767319
1.0267107331226077
-2.7736059611384647
-0.2074369051012232
-1.9050017523881568
-0.5968309445177997
-0.6289096409245267
-0.39476831068964124
-1.7443518193125842
-0.8594418387962072
-0.8146204002725312
1.0545749778665188
0.04327661412415576
-2.4474783805312343
-0.3789773027861166
-0.4982877668477401
-0.19474819361656895
-0.5849045714603892
0.9808603178994674
-0.4779450154176141
0.04381874040988063
-0.562032546869133
0.42517923543953384
-0.5784710337797146
-0.6847907683015894
-0.12709494175588534
1.0352632388534082
-0.7047154672288346
-1.1211423757278478
-0.26569265347147963
-0.31802993077261577
0.16650957636740568
0.21261218154104936
-1.6456183354749558
-0.0010801260917903393
-0.0010801260917903393
-3.035532854860698
-1.499242995369948
1.9803045747434889
1.7611321684702181
-0.14532060187413764
-1.854378679935997
-0.770662759534628
0.42061821174020075
-2.3705967248481703
0.631482574976639
-1.3566774453651136
1.7025812168610774
-3.073052436737786
-2.4797496350895507
-0.3217771373747117
2.609609524673893
-2.1562983552204593
1.0562359532112018
1.3663680472814108
0.9132987844383026
-1.9828211990853761
-1.4591295668699664
-2.510544164579134
1.577696649176755
-0.7353481144844458
-1.5668256074178277
-0.12714958300333712
-1.428650259113607
1.0650349738155866
-0.06507869673951279
-1.4025775652567787
-2.4003620146519222
-1.140162049076254
-1.786145373512423
-0.0026458944043973253
0.004332162134279309
0.4573374416749096
-0.8880540729287081
1.4001674160516748
-0.828458248528667
-0.29632021518545665
0.7232537714097556
-0.5197610264902892
1.1556145073362103
1.1444761137384647
2.003972593211115
3.0871993835305758
-0.8187039264227588
2.179206640589789
-0.027251751760024326
-1.0559681278765467
-0.0012289624628145002
-0.0012289624628145002
-1.9732305447074585
0.6105397430782314
1.3143518676831552
-2.3361651646679995
-0.7447634837299411
0.0873716341412488
1.8508618823821321
-1.708574062326402
-0.6780803390857751
1.8417588251371861
-1.403212615395235
0.8036828121465435
-2.3072664196576658
-1.3629176796877955
-0.15362404320716014
0.45421024378044117
1.399503164201318
0.3316174391043354
1.405238467621205
-3.1086071341801103
-0.22100300896311123
-1.9495270437642078
-1.4516474883461779
-0.9361578732530652
-2.4641029739950855
-1.5806171547367838
-2.3680271563535173
-2.9141992582120877
1.264024436516094
0.8727647228779118
-0.9945299207392048
-1.1930711505641207
-2.189940784623722
-0.643072414872648
-1.1173356671208419
-0.36260288891373155
0.05542926593449516
-2.0091159676228303
0.6591740393577873
2.0054913449165714
-0.834172094544524
-1.2285745918662099
3.4309103049495473
1.5443654334438717
0.23177640669041702
0.23717734942070842
0.02731231421728867
-0.175334579485277
3.28207426106019
-1.0768679024169179
-1.1192201085749116
0.009347793729942346
0.009347793729942346
-2.527054940175
-1.9838069091541957
2.891469952109126
-1.4689180559558372
-1.0114292650098133
-0.2757729824799654
1.6935501521065786
-1.635319001336501
-1.8765431139757491
1.2783415712528186
-3.1325305328213964
0.4503712829904469
-1.6463378109365128
-1.2557367331093057
-0.421129866061073
-1.0626984614330501
-1.2551674247409776
-0.4622493924963972
-0.09946864520352332
-1.612633895061142
-1.0200169415982008
-1.5938172934557313
-1.5999643723129948
0.37361669012370785
-2.4415779359331644
0.2269982329270579
-0.6696026066581352
-3.9306012804090713
0.6478373982429623
-0.036160125618694194
2.6906696024202374
-2.210782634113914
-0.18355306002269242
-2.7481522218593817
-3.0730952874217476
0.9278532365190937
3.8909958662190665
-3.877883552321842
1.989203121585441
1.3256066536806024
-2.767106214464409
-1.7155777211757903
1.4145565802193198
1.3283068229238029
2.969965143244921
2.05310978184771
1.236481262917296
2.61717635879796
1.6988236512660086
-1.6266932916311432
6.580538648701156e-06
5.453521164650885e-06
5.453521164650885e-06
5.453521164650885e-06
5.453521164650885e-06
5.453521164650885e-06
5.453521164650885e-06
0.00043728313971450365
0.0006961289072184493
0.0010325130582492365
0.00048453501460317367
3.120184115980803e-05
0.0012888521485242895
0.0006748202068860233
0.00129182518244924
0.0006821525502961825
0.0007285457381429974
0.0004591269217242747
0.00016323657964281303
0.0009467877983674703
0.0005809017588150411
5.926908713632346e-05
0.0010298598032646537
0.0005940390594438351
0.0020898458436493495
0.00044245029020977125
0.0005105114902806297
0.00042897121771929913
0.0006608592745633208
0.0005196448619097583
0.0011148321337317007
0.00033277256401314
0.0015253804899944485
0.00010892227782867649
0.0007525358299050383
0.0008501724391739559
0.00019839630943663006
0.0013926847309830718
0.0003820861369756974
0.0010572828235055737
0.0008461123526355797
0.0010152231901059225
0.0009433450464657268
0.000986795159554666
0.0007020275897862683
0.0012610748316108122
0.0009191803053885283
0.0009425280272868729
0.00040314310125503844
0.001110479760438645
0.0012414645938641493
0.0007267918685393602
0.0008033032511392583
0.0008405512796677161
0.0008560115315385089
0.000831831830248822
0.0007814540407469417
0.00043728313971450365
0.0006961289072184493
0.0010325130582492365
0.00048453501460317367
3.120184115980803e-05
0.0012888521485242895
0.0006748202068860233
0.00129182518244924
0.0006821525502961825
0.0007285457381429974
0.0004591269217242747
0.00016323657964281303
0.0009467877983674703
0.0005809017588150411
5.926908713632346e-05
0.0010298598032646537
0.0005940390594438351
0.0020898458436493495
0.00044245029020977125
0.0005105114902806297
0.00042897121771929913
0.0006608592745633208
0.0005196448619097583
0.0011148321337317007
0.00033277256401314
0.0015253804899944485
0.00010892227782867649
0.0007525358299050383
0.0008501724391739559
0.00019839630943663006
0.0013926847309830718
0.0003820861369756974
0.0010572828235055737
0.0008461123526355797
0.0010152231901059225
0.0009433450464657268
0.000986795159554666
0.0007020275897862683
0.0012610748316108122
0.0009191803053885283
0.0009425280272868729
0.00040314310125503844
0.001110479760438645
0.0012414645938641493
0.0007267918685393602
0.0008033032511392583
0.0008405512796677161
0.0008560115315385089
0.000831831830248822
0.0007814540407469417
-0.03819241077616981
-0.0404634477429432
-0.04005278239089938
-0.0508920515102633
-0.032097664098959006
-0.04647270154225231
-0.03205148010906094
-0.05136284675307559
-0.06111737292505299
-0.04355371553088158
-0.05825855852431108
-0.04826497174822379
-0.06824922346655672
-0.05867380398928445
-0.09392400798176863
-0.10686630111430435
0.8128516286906388
