7
17
1
40
-0.24158355107529542
0.972652998166059
-0.9697714531322292
-0.6479748070663932
-0.6314614148243167
0.5905758070096291
0.9781221368375204
-0.7119084134452783
0.05811672100038264
0.6921154696181638
-0.690057021309148
0.2532367872510569
-0.8509167560053669
0.07441616310422601
-0.38623169978893673
0.6027337148697227
0.828752274220621
0.8137336885357596
-0.761505205795525
0.8106706737234729
0.2431831092567328
-0.387568027523926
0.17019531149906078
-0.16550642357668266
0.5759962986654998
-0.670155693846707
0.5061299996167756
0.3469699430272037
0.9047329831547749
-0.9864714759028866
-0.8576516958811848
-0.6359705886065692
0.20387495856982774
-0.53796545235986
0.06676681191176653
-0.14573521667656156
-0.6420872209852352
-0.20117467765815247
0.15130301571320703
-0.5965497148718081
-0.28546637018609483
-0.8938016660218352
-0.48381855087222153
-0.02726014466702425
0.9522956290558285
0.5226666383014367
-0.45779646546047914
-0.12473643580197995
-0.5439586294533949
-0.327887226529343
-0.7150047002627806
-0.6441424877700512
0.42204467258102707
-0.8596699385797307
0.15656146449782668
0.3517637422783849
-0.2808110374056945
-0.20952561707443684
0.5591270108618713
-0.362129271536955
-0.05814626412656347
0.8696120287944848
-0.8119348231452785
-0.13309416019375586
-0.30798515726280135
0.9250115479702482
-0.1518136994762288
-0.07286843099591163
0.602586218095268
-0.1926267932771435
-0.26195686144778146
-0.5053081057173896
-0.5062070585020869
-0.01840796869471451
-0.7780098460204462
-0.6172616205752175
-0.019688951019263365
-0.09791503080117828
-0.9794481912198316
0.6515936204172177
0.6729177977027917
-0.25070020560263745
-0.7859378944031118
-0.04361633109608546
-0.8306270657160896
-0.8602332729606087
0.6365467254054296
-0.5227691783733909
-0.46961471700390667
0.12437314661531787
0.5870099728413202
0.9116137591491082
-0.7898581265401707
0.9160488049057846
-0.7439297691636015
0.3234282319641434
0.16246407518873765
-0.01594566353571279
0.695363389560217
-0.7545087372943104
0.3021360467233671
0.021071325229524665
0.707526531944614
-0.38853727727063986
-0.5139073694853091
0.9825308325361488
-0.3185969740928431
0.39445492236677765
0.9319009613139289
-0.6832486602703792
0.7907990555620595
-0.6152836174379369
0.7010127975713033
-0.20494976999861386
0.04177131126569122
-0.06325447294753755
0.6441913047116022
0.2682261416421778
-0.14506888532524959
0.5130448374701844
0.3292632059139568
0.7143606053245212
0.03603480078160365
0.10063138026038075
0.5587082776607432
-0.6145411106102807
-0.7273648624912674
-0.4130334922101015
-0.9700111499740081
0.4894584873064001
-0.10212786687523101
0.625289875522224
0.3794584117061548
0.7188329592424896
0.6003609410088705
0.44572227571204426
-0.06849580064812774
-0.7295502414141217
0.35098573483445716
-0.4554446895272527
0.34278949816634585
0.3293827083677534
-0.6114933984712851
-0.9037820495131409
0.010234478953810345
0.5319480143215665
-0.9083354823546057
0.07513964989164192
0.14438874998478585
0.6834399189905863
-0.47911702526930633
-0.22422677309733127
0.3435795400978867
-0.7235760640378254
0.5109891976281616
-0.2875122371928865
-0.6365865921112461
-0.30915366502188807
-0.17202753191734627
0.8406920924147706
-0.1330965378491364
0.936014165028386
-0.8694401685101109
-0.5803531042975705
-0.7939787620855367
0.28797534081869247
0.07555315276267294
-0.23221509984243702
-0.28423150546161846
-0.5865510669890949
0.8036116850976716
0.7176019695259335
-0.7069961400972279
0.2306359723500526
0.39151620954353233
-0.7609254394533963
0.2501363388628339
0.37042984222009806
-0.2034046654997535
-0.580878829786767
-0.9277579336777853
0.4218821233679644
-0.3112263108016756
-0.0591265141561699
-0.860015650349405
-0.8162459247953255
0.5850429062704299
-0.6706159026252044
0.664573145964068
-0.254146147121715
-0.8420170754339937
-0.522352375692499
0.8371677948414559
-0.5713318750096567
-0.21803339253044102
0.05723394119025458
-0.19088439515126612
-0.600410635029635
0.39489402286483305
0.9867263221094407
0.6231815459051123
-0.08910774921138544
0.663698512671279
0.6546717503738044
-0.8542530743962663
-0.39033663301454913
0.1182966321657403
-0.11287626871770115
0.20750251801074374
-0.6444508487188024
0.7212845649332918
-0.2564583544464753
0.28387635846164433
-0.9635742332071969
0.7328315854116755
-0.7559628115670854
0.486329846908338
-0.19887909232942103
-0.9368644765625279
0.18177726254026008
0.3198509052348761
-0.7553419848607511
-0.4773842553138041
0.6278240646462773
0.7400571827409558
-0.21156100493834587
0.3870640160439986
-0.9172805146077908
-0.6473008076141432
0.0736228549955215
0.3345982037027594
-0.8126687796406462
0.8696011323889957
0.4178758062993399
0.18160548546396282
-0.048740838783927376
-0.3863399864769128
0.30733391354705303
-0.09020553171008266
0.15368135463701108
0.9851606571565471
0.45316557689414894
-0.22724371237579769
-0.4082540766456968
-0.8128033668974672
-0.6953807819788279
-0.33095327233865984
0.4312808693653696
-0.5726027269080411
0.3363804037595428
-0.6379565416403403
0.5340098543483008
-0.327702567044586
-0.07882229459078682
-0.06307992621116536
0.6395912896431789
-0.9746783200183549
0.6275751166705444
0.7062735162282625
0.9046937185808681
-0.2492607373055235
-0.9462242598629234
-0.34902913674318287
-0.4079534481993664
-0.3071480374360054
-0.6726419864383523
0.816275169028139
0.2201727250486933
-0.42621384867721945
-0.8801373049786583
-0.1710616299095238
-0.685300913247617
-0.8840682473279067
0.9853872703049873
-0.9915704351299159
0.42884808158577015
0.33117137578503353
-0.4965157988082834
-0.6536306603297175
-0.41222528268429215
0.45285742851718847
0.07564918414524711
0.3700349031751114
-0.8549178813473853
0.4236564411402168
-0.0567092370202603
-0.6705607766553761
0.34475915737000273
-0.08661830880629934
-0.9919393918170276
0.18621530403650308
0.12862877784733742
0.2672870887159682
0.854740712744659
0.4909484542040075
-0.07324239549669974
0.06259157829036906
-0.8710923195631964
0.20993228737709835
0.41724318567142965
0.375065490547782
0.11309092373742896
0.01397644179699442
-0.2927376793787319
-0.7488901902598065
0.8082957530019028
-0.5418971043898186
0.6018660179905866
0.3548671754383403
-0.04129685421743383
-0.6454278374340757
0.2922256506369048
0.16882992943590594
-0.9919950979819215
-0.4165856535140017
-0.6529648773076437
0.1286928409043781
-0.16587468829017735
0.5845594375048119
0.9621724407476219
0.7896240935681438
-0.7031020403759792
-0.1521741028516873
0.43314059021376894
0.010404022274537635
-0.8253961304603158
-0.9130241548524847
-0.8265669692585276
0.7690698470228003
0.03755956432685642
0.7841954522686675
-0.9269560506674667
0.5892389136126375
0.030625521513051
0.0751683699573661
0.5530833644685704
0.27901490659634476
-0.94180708098665
-0.4191456278791308
0.9061746734478213
0.9254703153803432
-0.38367620767591487
0.6959462779063725
-0.36110437166710924
-0.24177008386010207
0.8410113508822468
0.02750994312463763
-0.8679519710762433
-0.1234750329977936
-0.9173726880888254
0.07456762505943233
-0.24631342924603905
-0.3485247915362721
-0.31979945669291676
-0.8265868974018644
0.9926761397626336
-0.27585848100861543
0.6120156149374505
-0.7175662111345968
0.7888643831407988
-0.13675196797487998
0.14351971353156012
0.32607499151839575
0.7084842713649413
-0.22469977860907248
0.5107226920550995
0.9489537329302876
-0.2890812319856646
0.8800870275178022
-0.8283664329882229
-0.12716938561975674
-0.09606402208588166
-0.38204664838793084
-0.5478993302512434
0.9464052432361749
0.4933984832135284
0.9458586135836574
-0.6321781660873371
-0.7252795585791264
-0.1544108921469101
-0.4071452605129986
0.14780882785771896
0.2627066924551598
0.8881079290117835
0.9897203741138096
-0.057399425991390994
0.07212262778610866
0.3858686918287304
-0.7997557255216025
0.2628597240279865
0.3028424889788158
-0.4835969228314247
-0.9606575067478004
-0.46769332279009473
-0.673945098144079
0.3997962478022908
0.7675059991319645
-0.9292524785849243
0.061696348535515345
0.5927791685855099
0.5047985410429293
-0.057133306788042834
0.5561633618115478
-0.4264581293335935
-0.45050362062229815
-0.4669234698399112
0.7062665014639625
-0.13105500510727278
-0.8525144344104022
0.31124941671301853
-0.34353980592151745
0.9502973934149134
-0.19234259728324016
0.7471245703740953
-0.8254112061481997
0.7996372329638218
-0.539477666283135
0.28069959163532693
0.5155911460201967
-0.6522930333672258
0.9510627441089938
0.5171968700634096
-0.43206608568955
-0.42773555560476517
0.5837905556774584
-0.3188802623168115
-0.6946326386528365
0.011169478424586892
0.6765923036069511
-0.9905029610776687
0.98861264607196
-0.5749209966070798
0.4800269719201749
-0.18243733061388387
0.8327290185848142
-0.8003352583578937
-0.5986580893929994
0.8152635026921666
0.550224966769041
0.44650683068851554
-0.5896667828669093
-0.08055240469848607
0.06849231324750227
-0.7032915143070705
-0.8496189295312199
-0.9605767530142609
0.5177402055903977
-0.9072344515811258
-0.5937307011968794
-0.569933404067799
0.21305809682606
-0.8653731160889613
-0.5179561774327643
0.5141438903558342
-0.9454174264992505
0.460126590569876
-0.5197338660025248
0.4318847234291577
-0.41478430699972285
0.626546032563636
0.2811107129598917
0.7435763230163656
-0.5662237508554355
-0.730563511147856
0.8882586160715746
-0.3404737539961087
0.9261869097751356
-0.758112123946672
-0.3588510880039482
0.5404051550154279
-0.03926644205684938
-0.7420241911790176
-0.2934195650369384
-0.5081570006600735
0.6178736229372653
0.38508082946192584
0.22965162388071664
-0.8055916197000629
0.661693851777725
-0.8563435254271631
0.6695581562843177
-0.5741451526146953
0.3049079580674229
0.5328590602622537
0.8519267563819751
-0.539631784748914
0.9181738188328591
0.4839856091815565
-0.5246240777663351
-0.4284878708590632
0.11807678425746856
-0.8521859520183522
-0.37575984182981986
-0.31689643585432015
0.7188387168653482
0.11856771585696343
0.3006293970995494
0.7294483498278342
0.8486763614404153
-0.8998803069961877
0.9856142947067316
0.8400727893671787
-0.7163046868063065
0.8632579424008502
-0.9664274321462134
0.9734363089813134
0.8402650060240217
0.7650316545266832
-0.8565946117216159
-0.6299036580888637
-0.9022762627363318
-0.043835535361051545
-0.875940346675654
0.2812559873391349
-0.3959319048817661
0.5332343719225114
-0.6086892004428625
-0.2888670709148855
-0.5917053385948928
0.6666017899426141
0.9466959170679089
0.42991219627235516
-0.9523475751026158
-0.0677728753701988
0.805949946499417
-0.6817265412833367
0.1453176576415512
-0.929088849302531
-0.4045059719310829
0.45095668267726524
-0.5459122413507483
0.24249729084469207
-0.8508769486141203
-0.9669652379489799
-0.4060013823750975
0.5189357469827691
0.2867883120360273
0.5431273748870215
-0.2634678506827281
0.04588374329101842
0.5227451233786976
-0.66453768579221
0.7939370256121376
-0.778858557203965
0.7727462936286114
0.5630900597507786
0.5222787213065945
-0.6223247315491786
-0.7857862617777269
0.435475486692686
0.580865670514324
-0.1727003741735969
-0.5764937040779476
0.12197354415265922
-0.7132414935043476
-0.008651020859832617
0.8065821124960196
0.3490107349947202
-0.15667118882848582
-0.014342467744271382
0.7280918005083004
-0.39934890446465404
-0.18605251093643432
0.36581437103596204
-0.1461509319904519
0.8290440099426503
0.04102769254503225
0.21307846828195398
-0.010901099857015125
0.23080839515774465
-0.8099472319556777
0.3609635842674033
0.8542627899216112
0.3867640613138554
0.8750782286036878
0.7596305441950365
-0.4946442567909333
-0.9556212284534007
-0.6786057742230559
-0.7535534350025853
-0.684571335995294
-0.6886099497771933
0.5045309716392948
-0.5772647880082644
-0.4898109701923947
0.1930122225129982
-0.4949803060936077
-0.7371950277192776
-0.7152382700774488
-0.8544446006680225
-0.8009667598670169
0.5237952621679843
0.9477619358537879
0.9230639942249007
-0.0026962687821653433
0.03191831650269328
0.820376536846246
0.5717410952328292
0.12937660357330863
-0.8795513464187932
0.41845230696665975
0.38899020000672174
0.2383877498418094
0.3649063248353947
-0.2253550617828905
0.6789077920002805
-0.9487861880008672
0.48415792484419934
-0.4648474818165734
-0.9177222619563457
0.8196168961827113
0.475723624354708
-0.9911539720288699
0.10241896712334747
0.26931015035507183
-0.22872636325586823
-0.9144033703813792
-0.23181509739471354
-0.46658031245110115
-0.02674346242319895
-0.8701367357620513
-0.01665106242043272
-0.24618237382671146
0.9389987617110507
-0.17372891350584946
-0.8655294284564203
-0.5929034863934668
-0.7297140500510487
0.6324896308520327
0.8229101034877899
0.9535014119472939
-0.6560157080905316
0.9996899266327639
0.07324661998552216
-0.6058444386357871
0.7666868567728922
0.8561329592546464
-0.5072165051353814
-0.5540988938105602
0.1851189492053734
0.6658734949875815
0.5490938812621551
0.7539944189508795
-0.6186378862716051
-0.3661699673763518
0.5140611057261604
-0.6689993289842096
0.7682699046480722
-0.8512857532142339
0.033730678691866495
0.5658759443991129
0.4442158215791928
0.16897241432559135
-0.027100849669268196
0.14493298873872798
-0.8147759371950001
-0.6115949760876894
0.8762805810410204
0.9414407799889326
0.4642483300686789
-0.02583444924184743
-0.8168397192505593
0.9936473014160201
-0.17435324673882419
-0.17485824712229536
-0.3633419733526307
0.025302728076030043
-0.691030235788685
-0.09051041682613739
-0.36947877737559276
-0.691477172536424
0.04936305855795608
0.34338380931839585
0.585365927945337
-0.38616355098946537
-0.9923544721938177
0.2102548389408672
-0.33774549910958135
-0.04075800012812526
-0.08280374310998453
-0.9173427746560118
0.7042114862501844
0.6876722440255126
-0.557073254939374
-0.6132006338551013
-0.0586217041102185
0.3152131870439635
0.557337560251639
-0.7003719521854183
-0.25978451282281473
-0.1068903259740366
-0.3654530383476393
0.8723547832401772
0.034407335609248815
0.7200421835924692
-0.6007654974956848
-0.23472221524510975
0.999047266037022
0.13878821227435864
0.8009353105403176
-0.31445191310203613
-0.6152156864597504
0.28968717288514867
0.6085137051104843
0.6174162229005438
-0.0622832177783673
-0.7617671194800097
0.5281761758562676
0.5186955881890533
0.06834455047182844
0.9161700840938076
0.04950575582349307
0.6975355172536465
-0.3724464834881867
-0.9314076654063872
-0.530745305277721
-0.7223857892728656
0.8328374314236091
0.6623020016103955
0.030858679845407473
-0.6036503902100033
0.5516537503601678
0.983543315326725
-0.2895671258999944
-0.608631118865298
0.051129906734210556
0.8037139780456196
-0.9551509941581557
0.2602113366696836
-0.33124993370614564
-0.46999044270906687
0.8460130374168329
0.45739627441000347
0.5828604298988727
-0.5322784515238898
-0.572732097204386
-0.6248775246245207
-0.20238403903775476
-0.7198577181052612
-0.12393869742341491
0.8011554932394378
-0.9042951787285852
-0.12729055139667816
0.8719178273671918
0.327758333298316
-0.45620856054100034
-0.0946430405666366
-0.5599563122947261
0.026230607608213396
-0.04583759231526432
0.8262701551121401
-0.9066700021400383
0.9517719961422487
0.8126824679366688
-0.9506413482339816
-0.5833811146245163
-0.016447598114304247
0.21943528807468027
0.08717305481368022
0.5752511261960098
-0.8853993019874168
-0.1694713226599187
-0.05180217103783456
0.5613742697198618
-0.13422306881413779
0.19536629618719492
-0.1521361503764761
0.8117427221092821
0.31071953979344885
0.6460877193708405
-0.6874377072523752
-0.5122351689696714
-0.15587714782525042
0.4065703957927423
-0.14801238162163927
-0.9281934661944814
-0.5414137469149225
0.3525372231980831
0.9371890206005512
0.9182922041240529
0.8414808057552263
-0.9743659876481714
0.22075320715827593
-0.35038251955799155
-0.9956066893192707
-0.7792429652402387
0.02877268502274355
0.5488132746076768
0.4648423070168291
0.35223636778460377
0.4123859167073354
-0.48226819644618396
0.2362543218192976
-0.4938389734759406
-0.8248287495363047
0.952579236301552
0.049899403759104746
0.3946675581474145
0.26367861980764945
0.6261915928269527
-0.8815064159951865
-0.7333754001996283
-0.3945822620605044
0.39833051782323753
0.7001472698406023
0.8548954638756545
-0.5753721889463873
0.6543606556277494
0.5867261109951106
-0.9087024627872634
0.399278926091612
0.4073102688131711
-0.7606782419238227
0.02282863872082741
-0.3447567876677765
0.7432153163109
-0.6344545402798198
-0.4702956331770282
0.40990740150861676
-0.44723529879187224
-0.3137095764304885
0.9352152049629999
0.8947092031547841
-0.036204704534809756
0.0760357395679903
0.3011762474489747
-0.2078242715215676
0.9802660669133652
-0.6713338340286377
0.38931422252429576
-0.2044148256077483
0.7199805715362619
-0.09419308776879737
-0.9898181246005533
-0.4101872845154101
-0.31285276003516055
0.0007560433529310402
-0.9502966829422621
-0.27156454069258373
0.690977512934836
0.13222421064364318
-0.12553083639995244
0.25035927511649453
0.03810597557319164
-0.8670690423659279
0.14318262214402294
-0.6037264336357497
-0.9756725209886496
-0.22941220735975928
0.0380556400218908
0.604936756809709
0.4602711677525535
-0.600317325188094
-0.6010637531779327
0.14152815924397896
0.9308806906639215
0.4251955984688874
-0.8440636285219157
-0.623803815596158
-0.17704500646837962
-0.04196935354834681
-0.9423827891358045
0.6848711189093845
0.22000203161563112
0.5865563491917359
0.7575249668145213
-0.5277723031630944
0.3323048118820372
0.8302891140284633
0.4229663299943794
0.22776401942915336
-0.7211106190079183
0.5037429576622429
0.05264733432490297
0.44937298391436203
-0.6964201110057789
0.3658242782841242
0.3699500876697372
0.031177469547224387
-0.2700715199727154
-0.08228021575410349
0.7959713095988037
-0.9127850946841484
0.9529707256873867
-0.5580483516434304
0.6773543706712561
0.17081731629192146
0.9890726777959825
-0.1592189030190117
-0.05034468468583022
-0.5021636604619283
0.01453708264662095
-0.43794804692779415
-0.5135630292391623
0.5546835153709595
0.904373589145878
0.1608899391257739
0.13730673961052256
-0.2508362852056649
0.5677270960630935
-0.07791170779627876
-0.6990686065025447
0.19658146925884507
0.721085291541872
-0.43125381866671
0.4993784819672103
0.5421874805394405
0.40647779254877975
0.9067171213932887
-0.481572087923036
-0.03281766763712346
-0.49264965431389823
0.8895785328621703
-0.8075293314970056
0.4167520470591099
-0.5725734650426009
-0.6828043339013267
-0.35754569730956726
0.637787481473101
-0.5735486338156431
-0.2698130391593281
-0.5495457740564733
-0.7815935990018742
-0.11028100416936837
0.738974843641806
0.7032914874056263
-0.38357166674587273
0.38712713355934225
0.18836911688580205
-0.2877580555200413
0.69542725282639
0.18700012482542172
-0.7648268041656746
-0.12458576693618449
-0.8483192194145822
0.8211024514602928
0.07435766855165579
0.43620323727197724
0.6294043165383293
0.49497890891276763
-0.6846439848561503
-0.7592385166144539
0.5429453723173037
0.1486740081295065
0.3881128018402616
-0.825230717733757
-0.8272093768191179
0.9855987554389731
-0.07748745989478252
-0.42793613043791295
-0.18465330110623737
-0.6525256912850264
-0.7879433683744479
0.8179589105938169
0.9538024393266794
-0.44427381514952785
-0.0810418742319738
0.559222419329235
0.11328176989415001
0.9616581252335794
-0.4110554999715219
0.2178037375094573
-0.0727576537187986
0.6152853377789421
0.1942864377572597
0.8507827989689748
0.3643497936918873
-0.2971189409792248
0.4494010059834235
-0.10268157719612296
0.4325225105073155
-0.7348971888059698
-0.9325261336391807
0.08218581356927483
-0.9675560636276885
-0.8245001164941889
0.9016488090720528
0.6560607156702929
-0.5718147639833903
0.8140801870268419
0.3336406149992899
0.510050160644022
0.10599825642355006
-0.4418991826014128
0.9630251281296835
-0.28343076725494326
-0.7211421666547192
0.10553456410486836
0.8326190722545878
0.8275308080903396
0.8622712418472946
0.12294635119634749
0.28985163162065264
-0.9171087795963083
-0.6355877905806352
0.3724872070563462
0.12189760816799974
0.504347997423973
-0.1438787628438247
0.9454432160171987
0.7408557751385156
0.7271153636984489
0.5968849683729338
-0.49753265543128045
-0.6463318463071412
0.2942274660640291
0.9290399647492882
0.3184653837255752
0.056244107557687655
0.46529977271579076
-0.696164048909227
0.5363668182162956
-0.6922479241431141
-0.6247171341791277
0.76865770100704
0.6758772875121069
0.7236032708834788
-0.8883253702167231
0.5819290400995228
-0.8853387854662415
-0.6212019604803268
0.9165291668075404
-0.22237923109435254
0.8901856660855856
0.7127947551692015
0.7515587446703894
0.5261847485491297
0.29624068761906674
-0.6228086164863627
-0.010431609116481522
-0.0237844900669207
-0.1563594215629821
0.35958646264159677
0.3589643408260045
0.6442300545091298
-0.6531150998887395
-0.2543822987537811
-0.3262172103619045
0.3918920705401691
0.3313929994917654
0.20256067931158442
-0.24997310872408962
-0.005081039030600098
-0.2693920775420923
0.8384043342557291
-0.341940956684352
-0.5497293323372736
0.8982980250034354
0.8911853901846197
-0.9780831008825416
0.028230450246067334
0.5939094995675606
0.08869067397088568
0.7728868182728141
0.264006071104127
-0.7989225049337036
-0.2579131582578407
0.07184922081926713
0.6900052208528653
-0.6496647500202317
-0.6838028625696414
0.901275634319375
-0.4336601642054969
-0.9249155296000929
-0.7445122896612729
0.9113987259029962
0.7937206367591892
0.2521068572427142
-0.9217328596108454
-0.7661012265625239
-0.18457298454681342
-0.3178290114098846
-0.9319311565609116
0.005497612906959356
-0.48506981051851755
0.7233573973556142
-0.18028563906328055
0.665406204442372
0.18889653177677942
-0.10969152741177743
0.4688527367852814
-0.4896539594402869
0.21672092861238512
-0.4771033109776386
0.6315680448573542
-0.6549352435755205
-0.006456525408949737
-0.8041343224860379
0.38791324119897236
0.2633586199737076
-0.6995566717039782
-0.5859121590321498
-0.19400040584949368
0.32346880734559263
0.12836314436390645
-0.38035626740926964
0.3740545464005092
-0.46595202108028266
-0.7414629814619695
-0.9580662460475119
-0.34279550001886017
-0.41278181684922155
0.6490443241692629
0.761078614482147
0.04435135009154158
0.3044843804666126
-0.8867485578999252
-0.16182656289187142
0.49797001538072627
-0.8723643137045042
-0.7428263821045804
-0.04617445524130852
0.2923545188986091
0.32986863479938117
-0.918632656455457
-0.42629070342455133
-0.8483702485490727
0.2434247323288569
-0.32231911306981736
0.8465042945303133
-0.7086872270094832
-0.514562145886627
-0.32420252892342183
0.21797727303177575
0.8206518312148547
0.14837034920477435
0.6351519566817978
0.12035285689757064
-0.31426898617426846
-0.795223063268471
-0.4665936459263073
0.7488513000996753
-0.6137872776106751
-0.5709237808179666
-0.6988198722889811
0.5253479833026546
0.29546606925411306
0.7556409096402532
0.24608963716117246
0.4129062154762095
0.6828406090683554
-0.1628924250557762
0.6228091011960902
-0.09798919250119445
-0.8768035821950656
-0.08819595797652216
0.2289285769434456
0.8828688116355778
-0.19072603142840955
-0.13168459547858236
-0.10625847942248834
-0.8924740896541111
0.6047506473927688
-0.23236243394549808
0.17713569179481514
-0.8144749838023483
-0.635718681208758
-0.666418933130696
-0.7826895203237124
-0.724924861764229
-0.18391394429139396
-0.06555304892363158
-0.22263738186048962
-0.31117493177067607
0.4008759138312264
0.4489565714520973
0.510764140826487
-0.1210892144130364
-0.26086392737259834
0.685246866020144
0.5910244340722353
0.3596543326580042
-0.6461089624295682
-0.9613223978943296
0.6298371029835401
0.012699712781818253
0.09695612082922363
0.7164188177712403
-0.3556149747003574
0.2859045479829085
0.4059664966022502
0.4487447523841874
0.926984318312672
-0.11788707834165395
0.08198670660715156
0.7839145918130984
-0.2384175133060364
0.12398770579697804
0.036930245798261464
0.8054107685639389
-0.17170596457715512
-0.9429211230203589
-0.3706521693941442
-0.34351403972774713
0.524101686710112
-0.8371652126533363
-0.7437136946001216
0.8654016212272025
0.7553559392722304
-0.7370581552339935
-0.985563535007364
-0.5288741106514495
0.8641273008433231
0.6281663937628702
0.1925338765589954
0.0683114591710175
-0.9320196846313277
-0.15653913008033007
-0.9611166951641754
-0.9216599872588457
0.9191974769203186
0.5036708225739684
0.37152043050621425
-0.1568856513182631
-0.07256563894776676
0.892105846891662
0.19490051564441954
0.14981071774239127
0.027319611575737025
-0.21971158375250147
0.1013398980154279
-0.9329278693537828
0.10812554957742379
-0.49546514359284494
0.6022044104976346
0.3269588674637396
-0.09368898874066249
0.8479886414837935
0.6461743707651987
0.12598766209947523
-0.44027152262505453
0.3509106290012976
-0.8995178150638282
-0.6499342960276819
-0.03354281267169963
-0.4574570178399158
0.9070271880975257
0.30955714481064756
0.9829110621423452
0.5619816757643116
0.12428876473281797
0.9596385299475994
0.3580633052839759
0.6239643235566552
-0.7142692563603916
0.7766193729669275
-0.29776314551217864
-0.493461423616787
-0.5785076123296523
0.7785685733722105
0.7797027799875601
0.7701564253724303
-0.45222165801611575
-0.3171041997195642
0.23993779312995805
0.4053392932782818
-0.30521238083137087
0.3139016598926759
0.9880078535628778
0.19352135229794235
0.39707257561561643
0.4363503558621166
0.8929720449579911
0.8684149345248824
-0.04912106383944047
0.8715160819747302
-0.17555252837351465
-0.25738150619036554
0.6315580405115357
-0.8489224970603881
0.3986498011161134
0.0892214003944582
-0.8722149948423568
-0.01875981244039336
-0.46933058124264543
0.0071276289343270615
0.5491099867769156
-0.12959919148257892
-0.01624297913915352
-0.9259631465366417
-0.3362762484289274
0.8744302267807332
0.14662569193653469
-0.8226668956159138
-0.25173966037332374
0.10594995276909447
-0.938574151756076
-0.7178759252751841
-0.29813530857685977
0.613775820056557
-0.7486801461621884
-0.9476701973105727
-0.5563155807031965
0.868314670964911
0.19164728903321626
0.14459104978040022
0.9816301964521941
0.8359877107031835
0.16456734135886988
-0.07796632511603808
0.5176885603176989
-0.6443535679950706
-0.5277459376301624
-0.6121767140615734
-0.217893664888702
0.30036651349472143
-0.011249425119262862
-0.1516694864410575
-0.07752393793809606
-0.7045423694807696
0.3198796926224079
-0.21683436613292564
-0.6333448539684788
-0.5574544397066652
0.6748687370526376
0.8735265958618038
-0.048233412758393206
-0.6195343220140793
0.9857588887757962
0.9986243967403858
-0.9961079400173788
0.970048973182025
-0.4158157479511968
0.017792282997055653
-0.9342949083143359
-0.5313457488247437
-0.5091044547024862
-0.7120673195184507
-0.043981899784368665
-0.37500687518645553
-0.768201936841611
-0.43946885469342895
-0.3808448100768471
-0.5315645233262392
-0.36389807450713435
-0.9661903830207376
-0.013890916563816783
0.5209989373514226
0.9861178535503557
-0.8081535995502478
-0.3420425055309242
-0.20847295896253717
0.17678091939694332
-0.8082971845944034
0.6379034035874531
-0.22526063804922636
0.46132325344478553
0.6898229333746697
0.5356246944975901
-0.9072194886676485
0.015430246359653402
0.4262786141576325
0.020068217568475252
-0.13158743417014687
-0.18674000814047959
-0.07413482856196407
0.7833210577670041
-0.19108446395449782
-0.9661017767251183
0.5542667528401765
-0.5341493513648538
0.5366887255279398
-0.05174205573664878
0.4521220048046349
0.2765100339526847
0.4777682341741649
-0.6575992035896409
0.7118704452001645
-0.5417592655419536
-0.1265780496860313
-0.3371807989886993
-0.6401399375042859
-0.25183259744262515
0.6232233783908067
0.019484063177468765
0.8271292992530941
0.8601395031391876
0.22536492146661108
0.6876604741588713
0.5594289118355519
0.6038151751735259
-0.1502297232197001
0.025460144580095417
0.9534760999860827
0.18412516526222245
-0.39649482591607765
0.1682114453549871
0.4824461203241684
0.8209831348742778
-0.7108931493182046
0.012593290615318333
-0.6773483614809518
0.4979583244396927
-0.12306521962947352
-0.4116488332630888
0.8646245394070325
0.9899145938768128
-0.8077272377015574
-0.7821187507222858
0.638964237763657
0.13107326197017533
-0.4810994794043214
-0.4136740677316418
-0.46570519021393586
-0.31273405061644244
-0.04829462158242386
0.07765951556115096
0.597189505164082
0.04092859197087302
0.05567962627962411
-0.6911922775850022
-0.16661813335039158
0.4225057240927184
-0.8847584381233774
0.9910311420183567
-0.989303884177434
0.43049072295170904
0.3928493081413098
0.6082174639145543
-0.9147336481132834
0.8045210865383369
0.2510797389241612
0.7458498876124643
0.4331018288397578
0.2938518223973532
0.6626867479128495
-0.0912853121592928
0.6741648040851164
-0.5266410873969585
0.2609000417570046
-0.6155886951451587
-0.3884949862797751
-0.5020226885761625
0.9151190676191202
0.058732398631983436
-0.7787905986002819
0.1858258917698032
0.6851157437803583
-0.3632440944921515
0.2875892692058336
0.14599446053214793
-0.9181993313430042
-0.39590855936325414
-0.20965216806129178
-0.16276448942843993
-0.25758076637943567
0.17004940081124767
-0.6050218221671041
0.5129308082530571
-0.7146025292127276
-0.39191605708308236
0.4399739565826909
-0.006279261512893616
0.111745545538277
-0.037068604185372264
0.96190774397594
-0.9443626794146026
-0.360306339941168
0.7616854074753604
-0.4401832822522326
0.20470035665496053
0.07315369362717877
0.6526163401251287
-0.1172165201446627
-0.7775343311525956
0.31996737232284606
-0.43480422978681255
0.5848591937432356
-0.39503896489019724
-0.326189704638699
0.9798596983271741
0.5664002636730318
-0.06816478098666068
0.15801402652608984
0.951652006591575
-0.8861725212626467
0.46431333317112383
0.7818669557202808
0.9337749058302884
-0.4811066844958011
-0.45137241996901106
-0.629667543529862
-0.9088913069799153
-0.38473722154657436
0.3081327809169378
-0.4486715489629825
0.501067175905408
0.956372230461884
0.23772614004069098
-0.07972381555046942
-0.5061721319983075
0.4202908966044338
-0.319423987769211
-0.26776698637596563
-0.07137482155218779
-0.05225922439210607
-0.893314687559151
0.9433636801905034
0.48922778571864517
-0.2842830626291713
-0.46748326463867607
0.10714357934761318
-0.14056615311445492
0.28795286980816287
-0.9234949629468401
-0.7520588291369912
-0.9521169039038426
-0.23865795336797743
0.41318451268358347
0.4334373984949755
0.31336170887188797
-0.6785882869279339
0.9010967201008135
0.9210263683217712
0.43885846560072783
0.5588653634835115
-0.6668096309669331
0.5728873083329479
0.5009459351498688
-0.09831604479718256
0.07521056444544676
-0.023207791721283066
-0.680991382562654
-0.04124462081647764
0.9231312463752008
0.8873487722604221
-0.2589515145749729
-0.6320855334881179
0.8798523233398663
0.8801174757818964
0.30961528017910633
-0.31479174511628727
0.4105106584060835
0.9167253246905571
-0.4473211868918438
-0.9746110253678918
0.785492716161521
-0.11699943259745053
-0.5239021768290157
-0.6788426794314921
-0.8714300364989729
0.4250718045374303
-0.3656859311730251
-0.8605708383047689
-0.5289273403279954
-0.7924329528323879
-0.9278872109988027
-0.5041089203719747
-0.5272464162414633
-0.5463251160665916
0.11052403344886945
0.2173390921526913
0.8778710710213724
0.07150726320310039
-0.22896006957105108
-0.42015644225940874
-0.6039886837909716
0.22181593518898635
0.6716840472259212
-0.026931210718142
-0.010607285819223895
0.08867882007748687
-0.2805585934525531
0.6771534917208959
0.7227899700649619
-0.873650195296338
0.14878574809626563
0.9871271540727176
0.319458438042003
0.05948659314383963
0.9667802393753588
-0.27279098322631085
-0.6109535623326057
-0.46476110656366554
-0.4179979051056767
0.6245089805327696
0.26557794456324757
-0.5811786720289424
0.40426935396043473
0.43761288738435516
0.8268068747068307
0.5893281086233892
-0.4832322739899916
-0.1049943781287708
-0.19534980288635306
-0.332206681906068
0.7540286854527666
0.9397085557878637
0.0924500638015388
0.1981397265310687
0.5730406813343962
0.5012333337495893
-0.1001369326514551
0.8017144025327925
-0.4860447559723815
-0.6625900158169239
-0.9747317711460453
0.040060509667955914
0.07729811497481837
0.7780304217333275
-0.7196899932874619
0.7764900107065033
0.868282126992026
-0.4302120788176024
0.3368304458895344
-0.12311277261585077
-0.9260655943104864
0.0983341810220444
-0.5513981238419982
0.09119486851160806
-0.06850854658559197
0.2727391151310551
-0.017762917465182878
0.05398332064935093
-0.7532376611964879
0.17622769871461613
0.35544344137235007
-0.40423737829240186
0.6798232303512859
-0.49508513701598617
0.4473509731619907
0.12176298343895305
0.9230350921488544
-0.6359350473252882
0.48906464211744305
-0.7358402425777028
0.8269371736134316
0.07643869891349436
-0.905869906585207
-0.8133112568340017
0.6105706972678804
-0.5159513656317842
-0.8659845564987187
0.4117413641887433
0.7646372036016288
-0.06426577728126534
-0.0760153416544134
-0.6713547364855404
0.34049829873121634
0.83924062117784
0.6478591801165329
-0.09919568195827971
0.6297262798802986
0.1190237563130718
0.8298472718588094
-0.8201533640122008
-0.03588721161117177
-0.34545138904718986
0.7697558414107474
0.21305954738247568
-0.17284636562164316
0.25979351350836744
-0.1272868836939838
0.5162829782870239
0.1587021876172937
0.11707445711799418
-0.6655430979895733
-0.31877444986304215
-0.0683224805987223
0.45608307322987013
-0.47294916339094795
0.5606874913532478
-0.5397013057781573
-0.23919235706127104
0.8960395301360767
-0.6192271866166434
-0.4673629986175121
-0.885974822671203
0.5359645027042759
-0.9718877123736516
-0.3972771622991457
-0.05357437936677849
0.11549864936858144
-0.3804200131953262
0.3754285175085495
0.19530844221732205
0.09049213645047417
-0.5018138871951887
0.3459449490227418
0.35728702545161534
-0.16881203153140872
-0.08099936325544471
-0.4045798485875271
0.28640289883565656
-0.4338240779750713
0.4871660402969994
0.663366573964365
0.9525348181377913
-0.6374560442422866
-0.17058294491868514
-0.7974213708354889
-0.7863694945454327
-0.6616306358965256
-0.7738858284706644
-0.18758947502393863
0.6814694578801106
-0.23317286660558156
0.04374338350623232
0.08249147187359783
-0.18387467788768072
-0.10195062080883993
0.6048274345120822
0.28244560362798
-0.9266308411756794
0.7901396566639627
-0.9934687519061365
0.08101814875124023
0.7743998026649651
0.9057399542096805
-0.10797426374342016
-0.9177349057171701
-0.5443759210523174
-0.009831085840742135
0.7698846887147279
-0.5596099928116988
0.6585019331649092
0.32353887926721603
-0.5275890639240002
0.4234507613518548
0.3853412987180936
-0.22219053426511398
0.11610105075315862
-0.8349274279192513
-0.3885615236299466
0.8770850473841422
0.3863191305632477
0.054456789187662995
-0.9799415759604889
0.9055999080065859
0.8270913234728056
-0.17578863737249423
0.576137355279059
-0.6828476057688005
0.2945775314561978
0.4542353961550086
-0.84009817154793
-0.9196476848351484
0.03228157054724153
-0.8709068288480997
0.16437610545786077
-0.10545776924156314
-0.34177807621566847
0.22056920547756256
-0.09025552744555443
0.9493716170196604
-0.8284868066695315
-0.44715368691902324
-0.27658054516182656
-0.7977719598564678
-0.4588913170150595
0.2061853802140103
-0.017835035877701105
0.8077637925200106
-0.27731439459071716
-0.7616218909340915
0.7849222145108993
-0.14689972569038076
-0.031748582113485795
-0.7049631400182619
-0.7844269752464778
0.16322934376792958
-0.16704832391883156
-0.7305058701578592
-0.5201419401031494
0.2541348796946229
0.09009294966719983
-0.45645584367337017
-0.16582445584895392
-0.3149355480362673
0.8205685229127445
-0.5456395890812052
0.40987239332142333
0.024134776027644973
-0.674653073461466
0.2393145840426096
0.4068497085013139
0.03839122486187592
0.2990436091466532
0.1780379364571027
-0.5269416883929335
-0.11268267243532777
-0.006937633900198653
-0.694752137701994
-0.08026182371889429
0.7630490226340407
0.2539040379495507
0.07623351512173734
0.5787626859508801
0.14199807956094754
-0.4305420234686946
0.4946211661837372
0.8333366082445177
-0.33020831042015425
-0.5117670078446929
0.6200468799501826
-0.15008499150117796
-0.6494223488410028
0.7527526910267868
-0.2720132434202834
-0.9914649726417656
0.7279707342208935
-0.6350626209744205
-0.6750267102300432
-0.9679518589562254
0.8473840292243939
-0.8684883476587612
-0.4813515029265606
-0.4319905972029536
-0.5866294675353174
-0.2594131571541956
0.6925049437816385
0.05209075785483326
0.22483559041661927
-0.5830681025782094
0.2865079728034373
-0.2969807571487369
-0.6856346917546443
-0.2908402035096131
0.4610088281121624
-0.971313167303582
-0.28763704976664756
-0.03748849605317583
-0.09034007205567375
-0.6847108789407966
0.3147307932810402
-0.07466607709889246
0.12448336135360381
0.6498699475299158
-0.10084070064757979
0.992724402902461
-0.9694135022682908
-0.9045598197717304
-0.24102061999095278
-0.7494425125509321
-0.8656394780501404
0.21186860238166877
0.35101537666451715
0.7649796987669113
-0.4039373909771605
-0.1874383580804728
-0.4577510916572483
-0.2748242451888183
-0.712885943934903
-0.7169182096896793
0.5641987039076573
-0.5795776866421253
-0.3716330453558751
0.9123129472432776
-0.7217862192913388
0.38326568584978093
0.5723013702252938
0.6201364501223867
0.85497413548918
0.19529322985169392
0.4445377825310846
0.5269950291313197
-0.003699067819160509
0.05940055661931656
0.23261879283574635
0.2528380606017694
-0.391670714376236
0.2892455922505283
-0.5089485907981541
0.7413745519371479
-0.7651524076100635
-0.12734728446749935
0.17880762997472324
0.8379943618626006
-0.15415059706358653
-0.21538394088250856
-0.2353805042689887
-0.58198021750879
0.5349121768717174
-0.08135811294978675
0.9610939242722093
0.7012133042255019
-0.05873818226634353
0.6731642726285972
0.2882735423916184
-0.8410753263490365
-0.4920390636901894
0.05403412273917199
0.0880605722303447
0.9530170267097257
-0.14158026485695313
0.14828377404736176
-0.3568382397725496
0.8696799478726547
0.79776944353974
0.3938973217905828
-0.09587751765478827
0.4166971740124697
-0.7009749577931527
-0.31057754389073833
-1.5400891355650195
-0.030696427014418284
-1.0719127520338172
-0.4077516191091696
-0.6405910985591456
0.19609002000760958
0.549832672968423
-0.17285110756685834
-0.191790489463134
-0.541179361145872
-0.2944690652776505
-0.041338082991459996
-0.19628736006554087
-1.19872770564736
-0.2798510931749386
0.36748750439143224
0.14802785357470355
0.27535614857785745
-0.1878758720515044
0.36385153979322116
0.011372944690771953
0.011364878143668324
-0.23461449173331408
0.5112239729213568
0.0861099592375045
0.6150371605272633
0.8307855829611649
-0.423926670860295
0.5277797455736168
-0.8302616111493055
0.5512831902168532
-1.14452441302723
-0.29410009815247623
-0.3134796897344753
-0.8797626512084089
-1.1474403155250859
0.6391246204685769
-0.2732188653432685
-0.43226348040485546
-0.1937804698315222
0.6655034469015769
-0.5239608271577804
-0.08046532576564477
0.24417101702057026
-0.4386322094069468
0.01208902252658108
-0.3899886945387474
0.10059343813461294
0.14745223800256915
0.4177576215620235
-0.21394551807148549
-0.48213142368406053
0.7614481436826497
-0.8477661184164199
0.5845764504742967
-0.14976950926719898
-0.9522447333631359
0.34818386452036204
0.4008799456368873
0.6236676317561077
0.48286888694296265
0.3562346859299122
-0.07446572776602499
-0.8045590776905894
0.07698407477258745
-1.1757395348299688
0.22195401224235523
-0.6459015195235199
0.8259323815064821
0.5715274910636522
-0.5212008612853748
-0.12757977999869075
-0.0516118036964067
-0.8382772443753895
-0.9124886726359536
-0.5978817516780907
-0.7221892508471888
0.0793237002047251
0.10731936666642589
0.203556329450113
0.6228831778429099
-0.02182411940960581
-0.1429086911888176
-0.39114825275677173
-0.17779462924958742
-0.29112885931638866
-1.0112208934200093
-0.9849429755398345
-0.8297504442544537
-0.9487628702404646
-0.06236399404925807
-0.6595150507845997
0.197453591941288
0.5698910036723382
-0.5054065051644453
-0.6186237546192623
0.8965871775586671
-0.8661467757648721
-0.902672197066574
-0.8667585182121209
0.7625903553830978
-0.1192769014648176
0.14436907396324924
-0.18578543785111956
-0.09105204098261736
0.8541833661126311
-0.9422480170632873
0.8116907834528928
-0.6560409889642232
-0.4286088079939468
0.06671257334246096
0.29902427090739836
-0.28524883698764036
-0.674351212486395
-0.4594313733694293
-0.019053253759043588
0.20745170731418153
-0.7502867960522897
0.791452639226352
0.29398583361918207
0.053630214959287485
-0.05245734187100263
0.772720178175763
-1.0141489850896939
-1.0801586483122982
0.18992544711850246
-0.8548749490130243
-0.5648031368788937
0.06898294615804512
0.381065036066126
0.2841097152460233
0.47536626446584357
0.8996346455036597
-0.48375867510932635
0.7675212475134026
-0.5564222712756147
0.3939229904985127
0.39321058898826367
0.5434727039752808
-0.8626318555510669
-0.7960493836463888
-1.031794845920218
0.20057234414547764
0.17169245815490536
-0.33677731894235785
0.5299219174508929
0.23098339771339027
0.6292552552588404
0.5816961272475386
0.7400314666705231
-0.06268009870007843
-1.0619928869940913
0.6719181150426848
-0.7052280751103838
-1.01345149247361
0.16868023749224248
0.0832570865693343
0.6003181693954461
0.6626531359951067
-0.19352502884703274
-0.796682737909247
-0.7603263363740466
0.5891598619225725
-0.6562294478179173
0.04463685528222824
0.564156727247915
0.6603231131795942
-0.09223361302331828
-0.7256580374872796
0.8152169891857519
0.11127691130094346
0.5341720363600199
-0.536324101169791
-0.2953398322273672
-0.8420517487589597
-0.9726407007978753
-0.5725571679329956
-0.8842759357560812
-0.45115432969946573
-0.9451166282512674
-0.08700878689490603
0.14283621699924687
-0.7235512126865424
-0.8711727795084875
-0.35707419817905145
-0.9832822025466116
0.30120774169051423
-0.9468500587808297
-0.5872834678865887
-0.7819627470662425
-0.3314867621198811
-0.14956604764152673
0.7039928499298159
0.5248425089045428
0.624190084169366
-0.13435983469141227
0.27336318489210826
-0.02513967944343728
-0.9879811854733885
-0.5988274143830542
-0.815183341359519
-0.7893057292378469
-0.35420232795402723
0.31596361994987016
0.5564320387032663
0.8671398178219741
0.9588970323797149
0.356088271990593
0.9100701051721356
0.46392023865844717
-0.6510007657928427
0.6113024366705788
-0.04519740068626113
0.001631528472773762
-0.9810065901055762
-0.15233615065648248
-0.5631646477659459
0.9652907736186728
-0.7783090004191552
-0.013796547145836122
-0.803113669013899
-0.36145607479209557
-0.3043597305906719
0.8113164612290571
-0.44712843523088946
-0.23231567554603835
0.36300171401581854
-0.47346720843117746
-0.06473992819149972
0.05810912270466415
0.005756603718573029
-0.10030967591650732
-0.25643145501230435
-0.23488630096151536
0.5918197713392774
-0.45267313439782847
-0.7557984058826122
-0.2772175681948552
-0.38251275057175527
-0.00924456807635773
0.17135562890481632
-0.17542801570151656
0.40656299869108514
-0.6818158573601998
0.4814937993010499
-0.4673864365724079
-0.9097627930037506
0.7314076890586
-0.11142735159473416
-0.8256568485850975
-0.8656146039416212
-0.9085916704898743
0.6592012785901454
0.29639367768933417
0.46133344954380484
0.46522983733154677
0.7428693946944859
0.23146168818048948
0.25826194245180856
0.3296483263675551
-0.04679559177421748
-0.32505585062224457
-0.40351680402281
-0.7716586249833091
0.15010732152367945
-0.9391601858469939
0.3458352410047823
0.07595291587220052
-0.9754503281335716
-0.005449188385180547
-0.05239659669944702
-0.09674026929349053
0.5173256125890714
0.6034929906914178
-0.7521071538101812
-0.6640831622645116
-0.20440546871987092
-0.5532550671171588
0.35171214943466933
0.8246063499817204
0.050281295511071716
-0.7513848248866984
0.6122053448335719
-0.9468369173275192
0.6449405900431082
0.08785265243688277
0.6094504875156225
-0.35461412568105477
-0.6686658955678976
0.29659570143067226
0.5117902143850539
-1.02895786465513
0.8229368579648989
-0.5066120795378727
-0.074882635453798
-0.4867211467844659
0.9186289457558702
-0.688531065019838
-0.5149708934350444
-0.16776848325382787
0.32925657777409945
0.43723143106818846
0.7237388844259165
-0.5598059305943655
0.14096439887629122
-0.5711111942413891
0.6186473436035674
-0.8113742767490844
-0.28538235239202503
-0.574619886088856
-0.5917945359437734
-0.23132671646787165
-0.5381693417595442
0.9142192217727619
-0.5894526393932449
-0.7726573421949163
0.38750688890027646
-0.3957753768529406
-0.864944619683523
-0.8590859886294917
-0.26917913006919
-0.8461080488121963
-0.695836042706645
0.06389039923912057
0.22333931523166023
0.2029433478782433
0.4881422625314307
-0.17741427870992452
-0.49647042997199936
0.25599304679368157
0.32868807010578266
-0.5284606615364091
0.4348789326251265
0.17501265944313452
-0.37497564992419996
-0.3113239181465112
0.6263342189179323
-0.3689553530954518
0.0824392767148142
0.22565730482619015
-0.5062475074422136
-0.2024327648030723
0.006389983451043245
0.9423071609421528
0.6148252803344215
0.7347431795324507
-0.16701043248788852
0.8149222766355577
-0.17043325441156715
-1.0210546305925436
-0.09327294771121247
-0.606870680432357
-0.6454391034931777
-0.07790010211781218
0.833927958155635
-0.678018662293804
-0.7962754179692869
0.125147396364615
0.6552182763571557
-0.40713200989438386
0.2448913928942662
-0.9603861836721526
0.6501171984998515
0.6469896713774035
0.2793323437382385
0.13076853943927227
-0.70630575099819
-0.6731506579073828
0.518014049527608
-0.7282387488606596
0.6666056962116895
-0.4223924773149978
0.2255861175995404
-0.5734303807311963
0.4011961163618347
0.020273305066815187
-0.6588681745700485
0.6383106515911501
-1.0788580988924745
-0.533424101791452
0.6040919433675919
0.00946657828382709
0.06724488550438784
-0.005142723189803395
-0.662999901254758
-1.0446419010337893
0.7266477317446852
-0.4824420466777869
-0.15298446817493686
-0.7960300362532376
-0.3271461314361096
0.45752797890383606
0.8557126755109888
-0.8973379270160311
-0.913544165673937
0.6332212764362125
-0.5555096409348308
0.12669576644753533
0.5783764777890352
-0.5327290205694265
0.5108703634516366
-0.7899993515535303
0.6146433890316222
-0.9033298914305204
0.5437039820926598
0.873296385224008
-0.6581642428595903
0.701975921876361
0.4395476169791487
0.1746310564917478
-0.8379681361002093
-0.5305681267114667
0.4287308136488727
-0.50739755046739
-0.46591473770191144
-0.9428129723236797
0.5609875559733396
0.2849395384418041
-0.7820756675097542
-0.14035949659845257
-0.3421457022134149
-0.011026112338573767
-0.3657689574686795
0.6928248593585543
-0.7702360141792362
0.5612113295336147
-0.1215329055097849
-0.36078281632591536
0.1720724251006153
-0.5878729380394121
0.135746420659085
0.7100281456427379
-0.8107293849043299
-0.8940409189200561
0.2634903452543607
0.07340385399790518
-1.0089322293367458
-0.03283509624709132
0.8469071632240293
0.3025642885970349
0.1244286547994699
-0.9074087058267261
0.555282066984111
-0.8387265168938309
0.17593869949800864
-0.9220697192667998
-0.9378108056660543
-0.7646959293788526
-0.9546554984837883
-1.061217325791363
0.23728164893616188
0.21112747908262958
-0.8729337072627208
-0.5330975987086471
-0.23213933670427467
0.7163428903034126
0.046960475318989864
-0.28837679766651725
0.12820510395754764
-1.0591398409663006
0.1926726481815212
0.6277806836576858
0.6281513858946435
0.946018551314802
0.9368233670243693
0.7814892215382748
0.7835288851446137
-0.48364836943930417
-0.776926717126859
-1.1215735304612724
-0.15522611843186962
0.6441444442696089
0.25443475752542427
-1.1138847776846401
-1.12987557456367
-1.1526663680300258
0.28059489176031016
-0.6406467028776687
-0.20797082793569116
-0.43793736848695025
0.4621885020499888
0.26187488404016523
-0.2570958080203323
0.5579955110528217
0.11603366297182235
-0.7939572541187665
0.19463357401753376
0.5037317221027431
-0.68700285274757
0.42468157819821895
-0.1665182493677039
0.18417094661244807
-0.25530143968467023
0.5481810014971779
-0.1096508756092404
-0.6266398194146824
-0.5172430701642815
-1.0103286633183146
0.15088523419160163
0.15051140467299173
0.10970582106670887
-0.15035374408127206
0.20413895609935473
-0.8397356696821126
0.07597357453043888
-0.7552396118340591
0.5515381288731015
-0.5783376226370149
0.10604455500648734
-0.38049538598931504
-0.8202772203863823
-0.241130136166416
0.5681841370654174
0.8447131312443308
-0.5882094918590589
-0.08194927799140453
-0.11261582421040682
-0.61599695385924
-0.7688973210705636
0.006146330720038558
0.5097804943499122
0.4354554774106783
-0.4288636419932316
0.32795430153441696
0.6729969524146922
0.8252100673504423
-0.9617460765871163
0.7510544078457743
0.11886926652107523
-0.2832862118366823
-1.0175839886033482
0.5036083578375227
-1.0161066328251278
-0.4438558065681013
-0.9707974608978573
-0.637832046368431
-0.07001759816343867
-0.7563869273246889
0.2232946872856191
-1.0137014694861612
-1.1511790157079667
0.8007689507496416
-0.19287657220449178
0.3107056651348917
0.9373000996230927
-0.5382683645057247
0.6289156373622425
0.3055344011473629
-0.2458955982326985
-0.2795304966011796
0.08126338438043464
-0.3128918360929891
0.5102619759766669
0.3216663953446793
-0.3690342226322741
0.6730874456892315
-0.8380396635435321
-0.9674313207404559
0.3516713600103049
0.7268745417210793
-0.19257882363897053
0.2820508843464171
-0.4365959621532432
-0.45004582862233905
0.040370482826420744
-0.39594697096478576
0.40167839038665604
-0.801624151859654
-0.7282729308273654
-1.0523847800516475
0.07018694669135016
-0.8170666173269395
0.8124174715149977
0.0718782004866409
-0.6452941473457208
-0.15937641473916656
0.5803917212705686
0.8326018031361418
0.1254558801846648
-0.434882375964236
0.3580865323573961
-0.899846781909727
0.694648739716564
0.7702079504795684
0.6304103518384929
0.15776412600363696
0.6889305587038345
-0.11239086692239114
-0.9538692079356136
-0.10378909270336618
0.3403088315388283
0.1877054652096001
-0.18068001008353077
-0.226234897759873
-0.06540746096295996
0.9180205579131334
-1.0106216081323256
0.3111002410690032
-0.5256361579906661
0.8391714905896484
0.07307177381027768
0.15997570226415042
0.3490381072264645
-0.8325476377771894
-0.8353439685896061
0.7975765155034652
0.7359804165444644
0.4885374247994802
-1.0862104364175311
-0.5708740495250536
0.24675117042707656
0.582905572843296
-0.2590047052757296
0.630940330997238
0.7194267290880343
-0.7844893245864403
-1.0160691521125034
0.8521677312306325
0.774811863220729
0.08488794624803668
-0.6783869605670054
-1.025612229362639
0.6371221984709569
0.1465407662675441
0.6798279619960499
-0.42475489845117137
-0.056808663419106085
-1.1019606889381721
0.2598092149284825
-0.9414887538012723
0.29448270340387545
-0.31530877062135737
-0.089062382529973
0.04430119118413174
-0.5792816446745402
-0.9371793772183479
-0.0599190990861724
0.2801362405949298
0.019384672031494556
0.5120021437085109
0.6532714561526927
-0.5543379979299021
0.5842670417118909
-0.9822002474810335
-0.5722415288091288
-0.05193402242956403
0.29163048620230253
-0.7813710555894274
0.5453050235116886
-0.15954823347773028
0.1496950874155854
0.18423848294871562
0.552044166506212
0.27805175400270987
0.6899895493887976
-0.10702055556110089
-1.1198689000868491
-0.9428359983994619
-0.06108760130429316
-0.08683887559467254
-0.5283102143824561
-0.16212464698741327
0.666731501105275
0.3410059427013516
-0.7773114052163392
0.05094008897772344
-9.855328186767786e-08
-8.167453109895009e-08
-8.167453109895009e-08
-8.167453109895009e-08
-8.167453109895009e-08
-8.167453109895009e-08
-8.167453109895009e-08
1.7890084022187718e-07
1.0184904404272855e-07
2.893873189604402e-07
1.972383108710557e-07
8.579173082394203e-08
4.8943501886753433e-08
1.6254431427437647e-07
8.450872763616203e-08
1.5704686583257187e-07
2.1819362430778931e-07
4.559072026876446e-08
1.2720159681435692e-07
9.273146184464215e-08
2.361101814211886e-07
1.9209981208131825e-07
2.7328182154171305e-07
2.591246238833923e-07
2.7585742376727855e-07
1.2632881213575116e-07
2.393741047401936e-07
1.1142448801017162e-07
1.6860098359758752e-07
1.7380956876286306e-07
1.1989614948984936e-07
2.1011947054635135e-07
8.891697097654845e-08
9.154180201979858e-08
8.993432653097612e-08
2.7608253191245835e-07
1.2533385539459713e-07
2.034659894035345e-07
1.0399431044020818e-07
1.7338832086060627e-07
2.0122073241290882e-07
1.810333209074072e-07
1.146288132689526e-07
2.0736870106248004e-07
7.767377544681389e-08
7.762962533165565e-08
1.4171773199197397e-07
0.00027047391179951173
0.00032154522802176305
0.0005794998891206886
0.0006728455849407352
0.0001135255993020881
0.0003735657660903262
0.00038277619007127944
0.00026204451422227204
0.0003574390335870771
0.00036411810329209534
0.0006121966526581333
0.0004126480004098612
0.00043245005391972824
0.0001307506323409604
0.0005332837459073532
0.0005562871134156933
0.00043234582308539644
0.000694685069625321
0.0006989336605963773
8.14606747957156e-05
0.00010303671576790412
0.00017187941386165946
0.000518477693217586
0.0004903751043794217
0.0007048426183246404
0.0004652753593651379
7.22859356440749e-05
0.0007298434757095267
0.0003354141701402787
0.00037141929424018745
0.00028338173215583545
9.94298101116586e-05
0.00061711307556355
0.0003549495455247184
0.0005947851319531468
0.0003995552431631866
8.113611014485908e-05
0.00024971245320390683
9.942330730084658e-06
0.0004470973329238015
1.7890084022187718e-07
1.0184904404272855e-07
2.893873189604402e-07
1.972383108710557e-07
8.579173082394203e-08
4.8943501886753433e-08
1.6254431427437647e-07
8.450872763616203e-08
1.5704686583257187e-07
2.1819362430778931e-07
4.559072026876446e-08
1.2720159681435692e-07
9.273146184464215e-08
2.361101814211886e-07
1.9209981208131825e-07
2.7328182154171305e-07
2.591246238833923e-07
2.7585742376727855e-07
1.2632881213575116e-07
2.393741047401936e-07
1.1142448801017162e-07
1.6860098359758752e-07
1.7380956876286306e-07
1.1989614948984936e-07
2.1011947054635135e-07
8.891697097654845e-08
9.154180201979858e-08
8.993432653097612e-08
2.7608253191245835e-07
1.2533385539459713e-07
2.034659894035345e-07
1.0399431044020818e-07
1.7338832086060627e-07
2.0122073241290882e-07
1.810333209074072e-07
1.146288132689526e-07
2.0736870106248004e-07
7.767377544681389e-08
7.762962533165565e-08
1.4171773199197397e-07
0.00027047391179951173
0.00032154522802176305
0.0005794998891206886
0.0006728455849407352
0.0001135255993020881
0.0003735657660903262
0.00038277619007127944
0.00026204451422227204
0.0003574390335870771
0.00036411810329209534
0.0006121966526581333
0.0004126480004098612
0.00043245005391972824
0.0001307506323409604
0.0005332837459073532
0.0005562871134156933
0.00043234582308539644
0.000694685069625321
0.0006989336605963773
8.14606747957156e-05
0.00010303671576790412
0.00017187941386165946
0.000518477693217586
0.0004903751043794217
0.0007048426183246404
0.0004652753593651379
7.22859356440749e-05
0.0007298434757095267
0.0003354141701402787
0.00037141929424018745
0.00028338173215583545
9.94298101116586e-05
0.00061711307556355
0.0003549495455247184
0.0005947851319531468
0.0003995552431631866
8.113611014485908e-05
0.00024971245320390683
9.942330730084658e-06
0.0004470973329238015
-0.06185325199015713
-0.057322815573642515
-0.05735146072988933
-0.05747329322958862
-0.06395339303607678
-0.05759545304109693
-0.05667462395738463
-0.06139109661786201
-0.05659411251581706
-0.061918887902405066
-0.05627290512445404
-0.058553299348428345
-0.058888230785202604
-0.05649318702767639
-0.06304407879235223
-0.06092612112512119
0.9415247124028957
