7
17
1
40
0.5317737578677604
0.3185107985882226
0.68064698959415
-0.7521549480725906
-0.6059173782538337
-0.18955079901022653
-0.31933308253476766
-0.5403086440445043
0.49040522437572903
-0.29888700083149616
-0.4688257901628142
0.15912333696145936
0.17915524148232093
-0.5417497117469077
0.7639342525951972
0.7378157760175863
0.0917117023738003
-0.5414521332168248
0.8693298853713263
-0.08590894383937261
0.8207283505207462
0.2948023512519904
0.32691176380692377
0.10268381836753174
-0.043660173715531235
-0.2504444852069509
0.8764123653857647
0.460379224349522
0.568675386043673
-0.7790959640674207
-0.3701864219254465
-0.08382064238671504
-0.26310619278193376
-0.14011438741929613
0.11265089141685582
-0.42763207464733904
-0.3684203540597074
-0.6075784768908042
0.7085074418981714
0.3748888919818309
0.8961411922750444
0.036169664096166454
0.810817459020129
-0.15049386459125236
0.1658423267054598
0.38042297610023984
-0.7388233137452825
-0.8821132849656346
-0.49435046709432134
0.4015360822620804
0.5111510162558746
-0.9355535765080154
-0.6046764193232276
0.06805701675321124
0.5915122008434113
0.21939408755124812
-0.4565781631642435
-0.28641964194086006
0.7958167015704458
0.8562670061758653
-0.21240842508623112
0.07014987299394702
-0.9351770818006031
-0.3395574968368175
0.7876567172542813
0.10400476550799348
0.339436460089267
-0.3144450521494555
-0.6591012314571092
0.24822058124493765
-0.34312359514230906
0.2939340999928784
-0.9186435861358377
-0.7254572508881995
0.8540836400505616
0.8553154511861584
0.5523451049540232
0.7069352221653181
0.5978106741055765
0.23818446434127488
0.4278003954641754
-0.024550510444622774
0.6296629364737303
0.016435269838141944
-0.10556125571038937
-1.0255165719921913
-0.114380588818773
0.20451802783290454
0.633805289857981
-0.19063412891172352
0.4735003273473673
0.6174351137909919
-0.069086320667208
-0.19414155336855918
-0.6018445534819649
-0.3568630431492319
0.2940949454468958
-0.18092425950018354
-0.8879909530336522
-0.5238390547592909
0.6344247682908172
0.2987833020699782
-0.24717494367758036
-0.765356794834213
-0.18576989638143754
-0.7797068881482911
-0.9334260041004244
-0.29269599324334683
0.8355041260234037
0.3389489762573445
0.38366828848434975
0.645372921562954
-0.6918032510125725
0.4608794163412632
-0.13646416083684446
-0.7335215260409956
0.8958920855302034
-0.5648732436357062
0.6291292284683264
-0.4416619677627766
-0.6624419663977179
-0.15973723386949126
-0.26515559678661776
-0.15477209455278268
-0.6289239592034382
0.7475694974147894
0.3008349728836749
0.14909915473812724
-0.5637193814461235
-0.3590715494300278
0.7329377044962035
0.19329025693909635
0.2421217088922635
-0.18628881465205338
0.6148114719315233
-0.6080114332286597
-0.3770720868400396
0.6293435738309683
0.05547836745858652
0.30991459877104693
0.8324178523618834
-0.23578064691741807
0.7079935976143431
-0.3716841688753399
0.9756192124271807
0.3747393178008827
0.46008026403022134
-0.5225440292776626
0.3025061643649673
-0.41948985944935335
-0.48511484594327714
0.08698825366599182
-0.6921464248561333
-0.8519415194608023
-0.051799004129684446
-0.9797845431559403
0.6452105743568212
0.7702200312215365
-0.07689505759821247
0.6967415872384879
0.257600226706955
0.13942094212746786
0.6740156175003227
0.17869471851547733
-0.18658982335408206
-0.1125144540537624
0.7024685275941487
-0.43412440789036866
0.628314919875653
-0.28253865960494173
0.5228936867983242
-0.950065351378877
-0.17456393689902983
0.21999642237359893
-0.5644474718462437
-0.814718242230262
0.6328498179481448
-0.1571198434098851
-0.9223373369885138
-0.34493877719128097
0.4763137698344422
-0.5339111997933453
-0.21268705838639956
0.8938124819801193
0.32972100200108034
-0.20541083157506407
-0.2432277160555733
-0.4496267391338615
-0.8971554601455657
-0.5594086901921531
0.08305851227807008
0.5779150339398368
0.996635780419128
-0.5443373508968415
-0.5325181430854451
-0.40359831258310613
0.4467651582015137
-0.33034321045792847
-0.2161156578634402
0.26516462789471157
-0.4274127614733928
0.5425519854564255
-0.5284542888079097
-0.72592694951036
-0.06564391640909154
-0.9174426779868489
-0.5917865229786573
-0.757494340920696
-0.37297720329223777
-0.04416828486943748
-0.6070402013952275
0.35166637966322506
0.40608669365179967
-0.7367329982081489
0.12427170262973382
-0.042104910011939126
-0.5089435943822683
0.7777785589701501
0.16300267394973283
0.32194710286627426
0.9459442707141116
0.053574900474265316
-0.14829576908060327
-0.04496530835139981
0.6687499502351691
-0.043213601271698376
0.8092896311677455
-0.11752356539739371
0.7572386634184538
0.4891886607123848
-0.7197228265809715
-0.1465893396703687
-0.039387393280058886
0.34128778753687783
-0.333092058298837
0.1783811791477788
0.810449285639367
0.20973675472828057
-0.19829800672176984
0.16342809952289833
0.1295917660118975
-0.3540626085706414
-0.7767450273519858
0.9595889950502383
0.46307464571486834
-0.3124034911058908
0.061004728838214645
0.4652356250299323
-0.14379329316612038
0.5903544488392081
-0.15843629473226764
0.43872393672245263
0.6414748895659595
0.2860752762933755
-0.1531168930080014
0.4384292596728264
0.2546324516609651
-0.42896962971488667
0.9461832242227537
-0.14275569593183116
0.15900272607878113
-0.44402561201260926
0.7827596637768433
0.2815523606292151
0.03518504577975112
0.549472850749456
-0.009723497956359168
0.6824293425537363
0.7829432708234977
0.6837721416136541
0.5008205561525756
-0.955466893775109
0.8714094665058854
0.4688434285547515
0.5606897775907016
-0.5220214532705599
0.9593932044461007
0.30242372544210316
0.06680179714115361
0.9948105774609864
0.28961542022588715
-0.6723368184261598
0.9213205374081065
0.2880840645172812
0.848884287307824
0.49194615038649525
0.14167349626659875
-0.10889618461602327
0.5686057594458988
-0.9926871327652277
0.13008043749822384
-0.8174698630954156
0.9046682501442161
0.21733717677032816
0.8813795495988549
-0.4189004016312935
-0.34895186349853596
0.9902685315222383
0.20119675722293784
-0.880555220638326
-0.3766894653396542
-0.6120902697683483
-0.9006141776064206
-0.5695948082161012
0.9473410366169035
0.03580806210727339
-0.4128247664760575
0.09274160481456085
-0.7979140993166521
-0.9274968161489711
0.9364958868260063
-0.6895549963715415
0.07625129645952591
0.5802291157437988
-0.7783914143827343
0.5480117699356593
-0.10572256352887832
0.9604136407531978
-0.14545653176807766
-0.17158090656260644
0.7687109164882036
0.7712419304863273
-0.16897426211448524
0.8178642833556
-0.15291014864895364
0.8017432905812479
0.7221315817691596
0.6255541928116467
0.7844702662057533
-0.13269090298827993
0.24442332239256642
-0.020389002151326677
-0.6803588015330195
0.777144103163754
-0.49072501775620303
0.23463605596358514
-0.5941443103032433
0.4011885863109229
-0.5884421853243849
-0.2863347815053726
-0.5312090976589044
0.20851367227098586
0.223931016364986
0.4465201504270183
0.7092019104559842
-0.13870436540123918
-0.11576795266353285
-0.7038912551184157
-0.27879884431925894
-0.5156140562696524
0.390077174552472
-0.5495514404032034
-0.8577252246589279
-0.4491657550304515
-0.4524924677980789
0.06620616699891343
-0.35682664569026795
-0.891459993755309
-0.798775668679273
-0.8616874397583107
-0.7033832539560478
0.31120787596232813
0.8275789624674056
-0.8876579278641139
0.536624233308212
0.32814516237379704
-0.5926166987813247
0.6523295299601592
0.6670526635736832
0.6324518039260829
0.5134241168714314
-0.8668136517681315
0.7281089786295065
0.5735797840941776
0.11478048945183059
0.9970285526535081
0.9958755412456787
-0.5773346251121347
-0.20399159508065387
0.2995570406267008
-0.6174377539941233
0.21095516872235218
-0.7661337315572415
0.11025144970211895
0.04299276658098728
0.7655254061612012
0.5027099545753013
-0.7845696593363766
0.7587749600392203
0.5544395534363197
0.1291271584400617
-0.13562771812668883
0.9815773933097093
-0.30886830677432314
0.4665367032402015
0.21369859979150388
0.7131092755675174
-0.5909956288591155
0.04685662604435025
0.8950419540877453
0.8343027414908502
0.18458083881519285
0.169753085106131
0.3414939791315146
-0.5826112679144492
0.6926628278169483
-0.22136679755360947
-0.7280618852664102
0.687679666688682
0.1124227609422117
0.3917622578976507
-0.20091596666102757
0.4958312357931868
-0.1187070215829997
-0.6522083037090194
-0.6091625647447283
-0.6901776792897909
-0.28189050577974967
-0.6233851573667826
0.9208570706647095
0.7076387991420743
-0.9216329269594749
0.4185291018871302
-0.8017435054901035
-0.2635339047200272
0.8371465803451674
0.0017857588634584809
-0.7730792149429021
-0.11195704478181018
0.7247261577988976
-0.07528752156497848
0.7261292955054569
-0.9851479364480892
0.11102963887967424
0.6245067398449707
0.7415546686325181
0.740356071147563
0.27863975412824266
-0.08746614656201908
-0.7478596864839943
0.5189151752520844
-0.7736158311938053
0.5584702381255002
-0.6911199536513031
0.49579245945121736
-0.5642336577344989
0.1890485307584073
0.15214188745487814
-0.2936526052039425
0.15242998460254942
-0.5260484211666946
-0.10728418358954
-0.8383566691346455
0.7357919223581062
0.369355615333539
-0.6618064556833512
0.27379792096954986
-0.25670284052396075
0.6600998611644224
0.05363119806156645
-0.6880724712985582
-0.010156374755413167
-0.46174916694933976
-0.2154408843437173
0.02175776203871656
-0.4458445253883111
-0.17597277702473857
0.9452123630297278
0.12471214459034621
0.04805386495318206
0.19604743838477742
-0.9105463769436939
0.8802453246075276
-0.8827809983072712
-0.5854040130461182
0.9953722846942141
-0.8876012403166452
0.4844487793749724
-0.8646122547629161
-0.5074822894995012
-0.7199606533247861
0.0036201471689119636
0.9948443783662381
0.717915937652271
-0.365743430482689
-0.9261546263979118
0.2940930199600946
0.20896331300720034
-0.861308318553801
-0.22773928863833537
-0.5725004274671883
-0.9871894051098838
0.9771028934426473
0.7312956692605413
0.30956075504814234
-0.013309849946099794
0.34086493721900685
0.8577654106858054
0.45321836615767797
-0.421308858361683
-0.8933251802050778
0.48856024213981464
0.7267490127093378
0.41798447591384574
-0.7086726422903921
0.05060336352218196
0.563753577304225
-0.2574247072211104
0.3693396680676529
0.6462207035304733
-0.7995907226432457
0.9778344861699279
0.14234067171198686
-0.23639977741581014
-0.45563698546342307
0.049999055645626775
-0.0405452262486386
-0.00376950248373874
0.29916130032119953
0.030185614922038105
0.5037135366791161
0.8323721139805376
0.9744848129940258
0.27105138086195135
-0.060078038275311774
-0.49633795417154625
-0.685847279418202
-0.23864082264493922
-0.8114451270014459
-0.042491870932714976
-0.6345631910362336
0.8638928995641912
-0.12588687239653695
-0.24436337126911792
0.8052827435573716
-0.7491949791146244
-0.6825179442173359
-0.9239928078172831
0.03087205926518611
0.7661148626663692
0.1146017081541169
0.5084299132207203
0.7514618772641996
0.38482313165236504
0.4235780353716538
0.3139358851833203
0.074891109910508
0.2611907109375826
-0.9569183425923161
0.1304346164933444
0.799826567676331
0.9552987063064051
-0.802754169511371
0.817352542165925
-0.6205051340171482
0.7005886745311068
0.0684949295019281
-0.28841166576047916
0.2814504438164631
0.673557013817183
-0.6095216486829176
-0.04384134293495024
-0.40045687518128664
-0.9308667675799075
0.036744896305860926
-0.09535606630477857
0.7012372732009252
0.9295023706428693
-0.2961125007368592
-0.7955429832522306
-0.854576006285759
-0.3624574797808832
-0.3532600067720777
-0.2429158369585873
0.2166201484557002
0.26033449353915883
0.010277745052480759
0.9071654847005548
-0.9668207675392386
0.0768760637490175
-0.10948382430667883
0.7082533508622383
-0.6196601577534195
-0.005096048598695942
-0.853480373665889
-0.583942742949771
0.7443634731634613
-0.5434031516062952
-0.958240264585645
0.417538497557377
-0.29536131785227937
-0.43691293484003874
-0.6366924857531807
-0.6930026785658835
-0.5003935446180194
0.6284520789392908
0.39745171667203305
0.6960051670729168
0.32524788057836235
0.9883859236622371
-0.28806649755590763
-0.7312066835060038
-0.2593526010731618
0.995608782365667
-0.48130977995158
-0.4267941856543642
0.09008910877870986
-0.8239239658896442
0.25019158303351696
-0.06607824290599221
-0.42563938918109107
0.6664233115139543
0.8590550963861383
0.9333391836637052
0.7134876369256627
-0.9505115514011568
-0.9282610474407773
0.3992338767161318
0.5351858612421724
-0.19921790209623416
0.909461649741647
-0.35353033983605225
-0.865696912876095
-0.44239208907460675
-0.8052999583115258
-0.8925243109933142
0.7978350468300877
-0.08974115739995014
-0.23133295742009294
0.9439299960100715
0.22409171728942148
0.5072568266163948
0.5852882157840407
-0.3396384734011104
-0.40416549051119327
0.8452322481479502
-0.7795219251216808
0.8065815070296009
-0.6993977800343211
-0.630216005944979
-0.7809243102682437
-0.2045327750654276
0.0340934613956238
0.3685740171258341
-0.28275310478401766
-0.40980719014291395
0.14392192377042637
-0.33150132299032886
0.2242473528082308
0.9531672960195325
0.32591318734598634
0.7042007161467833
0.7985779518216154
-0.9685860204214516
0.7290081968205404
0.07673432544506774
0.05651307700314399
-0.5841854684190525
-0.07926610137045742
0.729193552691978
0.8321084372617424
0.20192360771092355
0.3518803996154681
-0.5180829983717702
0.7636492817307452
0.7804828458932206
-0.307995960642985
-0.9399777968734819
-0.29934454553393963
-0.9833654855763428
-0.19683606228632394
-0.024874289669266136
0.2106109143974736
0.04828930886100144
0.6491525583745164
-0.8464849950414763
0.8855137120644385
0.32055404335367527
-0.9339707770742425
0.14644934163957982
0.20481181987262373
0.8907104021786132
0.899828006430132
0.28257151051207546
-0.5293833856044095
-0.6409963441929379
-0.07126951393345783
0.49760832348964446
-0.9553705186038668
0.8843002256740136
-0.2975167993941886
-0.36639089259756213
0.022596190005547856
-0.5449065796781325
0.28183999525896025
-0.5329469887208619
-0.5415796116746702
0.6472113736850111
-0.24689145875017782
0.8559908208544377
0.3520463226866461
0.8446691400145503
-0.539951179144309
-0.02182593280289373
-0.25061403783949504
0.1290737922051157
-0.6680387960074848
-0.2230007483495053
0.7601930955907145
-0.39782020735069223
0.8304991743049431
0.03236805606964975
-0.8310764671825187
0.6346604049809496
0.6195901132621596
0.08056778665224094
-0.9584897029670657
0.47057310436010935
0.9091080336053061
0.6550811755268082
0.5533346381784632
-0.9374147691677913
-0.3105044098276701
0.5923262480970004
0.11238890538644598
0.20195843422398865
0.6079243078034597
-0.11283756363431313
0.23447535681431753
-0.8223482943974642
0.566674946184911
0.6666346816297789
-0.7694721409501434
0.2960466313035047
0.7668709536818215
0.5895170867995392
-0.5848483219249281
-0.5138468246673671
0.7412588020720529
-0.2226067642609455
-0.5607196023449021
-0.4334375373643739
-0.5398375775380488
0.640963325914751
0.046312417717092234
-0.39344048912366625
0.29490109838439893
0.08682197143314073
-0.15149295518245678
0.3044302069837476
0.04375102696539377
0.12216064550905589
-0.915407863376587
0.8471712374028842
-0.6979271273966283
0.9741216530373229
0.6242096102956891
-0.03747549263944032
0.9360900640357129
0.7243415388262209
0.018318162893957223
0.42901645235399083
0.6943541577429375
-0.5180047827320668
0.7463260359285483
0.40150413874214114
-0.19640412204995908
0.33862596562802827
-0.15363596377503985
-0.049706613595341086
-0.04060869337655146
-0.6518037710879998
0.45528234783298044
-0.42933468061335356
-0.2188478394584069
-0.028473827049059548
-0.560428116407859
-0.740286873237737
-0.7434535882741315
-0.31307771761214953
-0.7064234915614985
-0.7531979520293783
0.16427754041658915
-0.7378394759975455
-0.030550254203549516
-0.16124650718392522
-0.3262241332500104
-0.6449115364554523
-0.1370355315954572
0.3078032106201827
-0.48762298247010716
0.3286886195417598
-0.21619129663610787
0.31429290756874145
0.3521946438306053
-0.7440199542646687
-0.6798812382579743
-0.9076126542971664
0.890459341325416
-0.44494834453381893
0.7552967379399155
0.7738957270429457
-0.7253415097539134
0.9135572633100077
0.5951714039474858
0.8538997802644035
-0.2911222991978594
-0.5083988395315087
-0.009064715472885732
0.05600937843763696
0.255405037369223
0.06299199559269657
-0.7344892525805955
-0.22884164630662557
-0.36180708640380876
-0.8742265178956309
0.2624643821251596
-0.7431921562829483
0.3362895676123188
-0.6630381272288868
0.05574951217411873
-0.19164270506940306
0.7319073894647016
0.9433375337913181
0.38441970386087604
-0.7118574390082179
-0.7234683134876099
-0.9766405586869132
0.34489580561946254
0.37489692900550675
-0.23620938319909654
0.7765532774711622
0.9985177174725696
-0.5847974975081306
0.25156690300302914
0.26795715183974145
0.7857462197147456
-0.7951830963292379
0.10993792011221502
0.15930100476034184
0.307706308736287
0.8019100654782881
-0.945499082760601
0.9776857550327589
-0.7124309697069016
-0.18194262069040595
0.7690333354822353
0.05859400945974844
-0.17477494922235895
0.5051674664713676
0.800593944257564
-0.12200287312908176
-0.6396295226948956
-0.15980612563929641
-0.5089325664307502
-0.05169922101807125
0.5349288137292624
0.3203546808868203
0.7680090704076601
-0.7733526042258834
-0.7582450159501912
-0.16901633941266964
0.7025086537288967
-0.30479269957997773
0.6556363325967988
-0.45247845212593196
0.8196297291679397
0.004654072552073636
0.651323475872371
0.2446366489641615
0.2815145940502291
0.6965777276877358
-0.17957825313437717
0.9057418854127005
-0.691474439324271
-0.2866364220339613
0.10093059036281496
-0.6951597869197457
0.8812102253830854
-0.6128403092211696
0.031175754302148927
0.9693372357812795
0.4751726658124902
0.30759225765166726
0.33847727614973266
-0.6081451290858892
0.23049923537921968
-0.08359373560165362
-0.8584226118972638
-0.8213583439907224
0.6923353130001823
0.33364808625297615
0.9142433249959964
0.18816238993540574
0.0967490475770794
0.48237535231144213
0.8360201715977509
-0.34105782709334076
0.206344818905712
-0.5670002386607047
-0.9509506419869471
-0.3169967986060769
-0.7351279134206645
-0.040210349562306326
-0.5385050056765852
-0.6147991943436835
-0.516630545617475
0.22564724179577167
0.04140215252003772
0.5396959327734638
-0.39964609885719476
-0.17712095149706727
0.26197267551723735
-0.44529408119079267
-0.8591142670688564
0.20936755312557856
-0.3834309551705839
0.887784085530647
-0.42651521815428406
-0.18814518818442919
-0.9463652812023654
0.18625830843322588
0.03880794919836743
-0.49344240706636294
-0.7398389227278467
-0.6151405309555398
-0.9824084956619336
-0.9045507561353259
-0.9278980478053406
-0.6165681313731648
0.28868174508376576
0.7845742356104946
0.7471031957611745
0.6666762645853092
0.2966538750126981
-0.06725203356509801
-0.06911175581212886
0.9079698763727019
-0.9159847245094341
0.6619742574724067
-0.5050008690966968
-0.35206171638930345
0.2008524485449034
0.5515227194482119
0.7263183847382267
-0.13891806218511674
-0.2760850550190675
0.7217867718065121
0.10939430501170319
-0.30266766418454
0.031119846643271026
-0.7912163736453116
-0.2783259122711638
0.3133125482999192
-0.7109173840033413
-0.27681361364713775
-0.7913953352764588
-0.12517468816282298
-0.20718893461014595
0.26499899438416136
0.35720146837322064
-0.7033358397469927
-0.841118581565626
0.48717809706700876
-0.6357990787013418
-0.23734688683101737
0.4349568762203064
-0.5323280962836868
-0.5369032108399322
0.2545709404989186
0.9530280562889072
-0.2485097093952623
-0.20488258540047571
-0.12681524701676322
0.9484623190592457
0.17959313253512388
-0.17833626613001766
0.1977200020761689
-0.8056294874444299
-0.30968257212217504
-0.5982432779018898
0.32328109744624933
-0.6366583547394675
0.5517489200178944
0.5590541597624906
0.9374355315541922
0.9024856927239762
-0.41233084884492816
0.546481411597372
0.5564293815442637
0.5290480131709466
0.649686129270242
0.3509356018966588
0.34628813185400353
-0.42059317588513795
0.2232472724425348
-0.2747644401609194
-0.3764948498836
-0.6063466711663594
-0.8809126334087819
-0.5696724727420479
0.27448108644468683
0.13164914931453428
-0.9362934578648204
0.6542956360480767
0.28979116087630064
0.549474148135571
-0.6312046486289704
-0.6927431536977704
-0.4801675354888079
0.760623850388425
-0.02790067026510714
1.0128456398502295
0.5722576558327092
-0.8781535336221521
1.0088886136796833
0.5594174235668558
0.5080334209669113
-0.8333658683028445
-0.4618146835546847
0.255756160868312
0.16058086617577685
0.1542188663318493
0.27244765859930636
0.9828440359762927
0.5848869242426381
0.5547341392454487
-0.82244368001181
0.02686794787545067
0.07999567632567163
0.4878886665350768
-0.801460382354081
-0.0319037479466157
0.02703960761923494
-0.9112925931138322
0.09621269515265127
-0.051975353213126095
0.9532583123348152
0.5796038909395981
-0.2296075982496704
-0.4828840058762879
0.5686845587406131
-0.7946706437010452
-0.584218349428217
-0.0031870613188050676
-0.5507751795835213
-0.6656795006528432
-0.1531585394103983
-0.08029774885508162
-0.8917735416581799
-0.6657373096109818
0.9072781013268464
-0.1651287093235187
0.9131750078589705
-0.09938490643823596
0.5218288845502951
-0.17907329071936015
0.6462400517986949
-0.06713083525599611
-0.49974017107151525
0.9073802522815907
-0.8021071653321776
0.05424730307250292
0.10887487679897763
0.2912974554640183
0.9680162400323049
0.5822323508702533
0.8169309383675315
-0.3908601788581917
-0.6616872296886275
-0.3169767572630234
0.7841475602147748
-0.7296865726332552
-0.02829387613896312
-0.12303395467586623
0.6847222472635592
-0.5567756928498544
-0.949715639705461
0.3391100743986842
-0.31897095069571596
-0.5279632997698357
0.034339447142039084
-0.44776226874289177
0.5425975322767227
0.2844928831664937
-0.16750210851880332
0.6187803653496878
0.5208831434799569
0.904042666835464
-0.8712200664015658
-0.6008474624642632
-0.9121143852165841
-0.6841435140900679
-0.6892107962739222
0.9189334073812809
-0.3688353816208892
-0.7918381774095827
-0.4012470259957052
0.5443299808576575
-0.2565426817212886
0.4033858356535875
0.9312482705892678
0.30356529351928146
-0.21666259358015424
-0.14509967068390514
0.4995970542415195
0.02980947520140418
-0.8435981171876675
0.6492460911733707
0.5735896289616126
0.730650166793875
0.28207428307936544
-0.053831270982124965
-0.05670033939010105
0.2597267480207819
-0.13459948973484662
0.9865409928301454
0.012641292333900078
0.15666786667704627
0.4059680957470405
0.22676234463142705
0.03693031402877423
-0.753908187362005
-0.7877498599110835
0.8548446060397438
-0.9600504663877697
0.5093264448775278
-0.1486502125036543
-0.6966326270185098
-0.23718596089220387
0.18327793191559383
-0.39494074068569296
-0.8670954547751586
-0.6435033346250195
0.8724085119518313
-0.6053262260193772
0.3176934573144233
-0.5385358486572157
-0.6883192074811441
-0.7306394492571795
-0.5350718632029509
-0.4838896807070169
0.3177303315028958
0.8859902643217124
0.6982269209086859
0.9339897184935813
-0.26188424705531105
0.10447575532075068
0.13493091380024289
0.3412965826021073
-0.2793896490486662
0.9462204455067681
0.2922026462755656
-0.8576347055538154
-0.3606063250829322
-0.5005092155506834
0.734404556709197
0.008344670495412437
0.16797344981852996
-0.1299186049314257
-0.8709236360634679
0.0819533610478972
-0.34899450161840484
0.17910272350496906
-0.08244851234857267
-0.5101400827026941
0.3354078570541994
-0.11382336819426367
-0.07425344959903532
-0.6681236581685162
-0.4166206366125264
-0.14836533602105922
-0.5747150667422033
0.6662449525926427
-0.8713313608113684
-0.15148251862702686
-0.3262244206035699
-0.5863107791003915
-0.875076571344841
-0.06566659885572332
-0.6878445298977304
0.08492938976931609
-0.22124598894447373
-0.5794051441948709
-0.9323567954551811
0.9035317123260995
-0.48112531030631284
0.5967587776901951
0.3985252587259045
-0.3626072341137458
-0.24869706438096784
0.4366073115859856
0.019642420937312007
-0.27046229647212017
0.3955026708154285
0.4342828543051796
-0.20168118373719549
0.5250841321990964
0.6082517835003799
0.46373488785840744
0.3928493889482237
-0.3889289129698681
-0.21939106357448218
-0.3767224774940757
-0.06609347996301904
-0.008588123738645606
-0.7306820318549894
0.3862052548246951
-0.11366712922927664
-0.43432938970235885
0.1967874043708508
-0.49720743812806967
-0.24905204113461757
0.3288782693684766
-0.5394593995457874
0.8849690641719578
-0.4925063340189434
-0.7245141835160651
-0.5804898036300227
-0.7980975644576398
0.2296009113333328
0.7140200064137358
-0.3689190697369259
0.7177865114791893
0.40615384912034247
-0.5243703112394925
0.7341495404259193
0.7131270817535009
0.44075761006942743
-0.10590524251168604
-0.20774621326910445
-0.5858151315157236
0.8246166834734086
-0.7557259914786778
0.6679249853600031
-0.17267667331393113
0.2588508314377507
0.2011296272737526
-0.9916358045749541
-0.2574012539867554
0.2539102400822272
-0.33124908374206796
-0.7130535744461275
-0.2673735955137484
-0.09274875897184197
-0.8679737548227558
0.27559814472984256
0.7836397286037501
-0.48174216322923435
0.26590641952133237
-0.6538799235511294
-0.7477903305871066
-0.25309540406585623
0.9368976466069784
-0.8450968421969719
0.6451835965639803
0.6113950077170709
0.7628150291894307
-0.4481881968117657
0.9479813732925272
-0.06504300827476762
-0.12434482864083062
0.11708915747311552
-0.5646827741447311
-0.13174477939596368
-0.9470174027752769
0.48090761404148197
-0.40279574051473177
-0.8962982481281707
0.2558445051905772
-0.3123731684488023
0.23805273333928312
0.8218492902748394
-0.7006308335567849
-0.9937640997518682
-0.6080512813933376
-0.0018170723296387784
-0.2916210364549161
-0.8996816869383605
0.2507962666758811
0.38120035522730944
0.4112828452923932
-0.9742812854035646
-0.8828826275831116
-0.8008250654164213
-0.4842769180529516
0.6359291051961354
-0.623314182201223
-0.646382931912986
-0.4897183728016236
0.5605614630192741
0.33609138389245014
-0.7319778024034904
-0.5864768102679557
-0.8509632942724182
-0.8056454692167933
-0.4333229427952942
-0.5586309607501394
0.572539585730562
-0.0001333027680385105
-0.13776614481117286
0.9658069668009129
0.2446339270610027
-0.5015351092110771
0.3356889319836458
-0.8788456097930509
-0.6157074927764405
-0.025156232516008944
-0.9892522672814481
0.6029517153522844
-0.2780312773581881
0.25602638319577187
-0.3972641201455058
-0.796230145626842
0.6598359587251088
-0.38933965252445235
-0.6536076669722355
0.5030100588485268
-0.42825804142087737
-0.27043738718141397
-0.46884165230190755
0.47008163097887506
0.15889087462815843
0.22160711715946738
-0.40815815321407256
0.6166745561372218
-0.20740944156307078
0.05912885403268716
0.8131195102599474
-0.5771254487630675
0.9597887408333973
-0.5861020058306642
0.36255060798413297
0.41074061554099445
0.8140076689594482
-0.5116645816623399
0.5300900272660333
0.8052563905074106
-0.9717142588881545
-0.7177765780898989
-0.672532856098339
0.12604529846306708
-0.8567249739412903
0.0076810413919444764
0.5661700013660721
-0.9060899101351518
-0.2354370747696115
-0.3930291873050173
-0.7209013553578978
0.5687179002564228
-0.023968731616992485
0.9028210145744849
0.3478110980640865
0.9356846211407487
-0.9854658245126269
0.181910471077562
0.4757858658669156
-0.7210792638589163
-0.0697922915134319
-0.890840224310053
0.9832044243986116
0.7135517459470271
-0.8832407826415125
-0.7456210181546195
-0.04912697935470948
0.06482022106351472
-0.6835513228094519
0.8909145599958935
0.18228094485215343
0.6055600911928339
-0.5734373508825514
-0.5273485605556996
0.41708372307345515
0.6182880776388805
-0.47042780283898333
0.8603315203954336
0.5706051062771574
0.26954170433849783
0.24599820291415106
0.5671844224411463
-0.40248964539142845
0.559939032486814
0.07617288703686007
-0.22528694366312949
-0.7195807117157781
-0.546697428642575
0.2682547416913141
-0.2520265973249956
0.9936831868040016
0.9673384515628947
0.44379638724260434
-0.19271505814905943
0.8617451264787318
0.5100084831429583
0.0378425946374322
0.7002093450014438
0.04113295619880199
-0.6741098452543279
-0.9007285630239282
0.5993657157403475
0.4534730187023811
-0.5160862804786736
0.7293732548249211
0.20502433693256092
-0.8483979237665003
-0.7019729834681078
0.5639218648494537
0.21893267967525393
-0.12611223380281691
0.5573028159201716
0.728448531541115
0.39380141529217794
0.8678057101968712
0.09486800992707348
0.6163040161159433
0.11873091302986698
-0.386036617281175
0.7378822873639086
-0.5776131090569578
0.42304088258331557
-0.29632509606926843
0.7865288953668639
0.37925744931753014
-0.6875419031202075
-0.8277576670506195
0.8119596300146165
-0.41037533581896757
0.6763638145877336
0.6040993980335193
0.7406752563821382
-0.731722104278384
-0.38925835151000887
-0.6539763154977286
0.21511277017110103
0.04167850236719199
-0.8143850395865855
-0.36415352406773493
-0.2367614443890423
0.3449239656611106
0.5682873632028282
-0.9294185182582796
-0.9053235563805211
-0.6830038477685153
0.5770036803332622
-0.2919129648010504
0.11309852457788477
-0.5439615891380305
-0.03882648803553194
0.8855885552539826
-0.7405629099069209
0.6539051168390079
0.5594047398977916
-0.005285310915305984
0.033085481754849294
-0.11454820765853181
0.1718306527833862
0.8320642709810313
0.019874528644810974
0.8852650019519359
0.28806313334365125
0.10842644957412478
0.17737738942357514
-0.044787908949025124
0.9955664914202726
0.5277017446438508
0.48474812030217
-0.9901395778045312
0.7622810851396723
-0.5646013047343059
-0.21176879618400962
0.8476131083346343
-0.17046013137941882
0.01293028630000346
-0.08240406390683579
-0.8027566339403968
0.3611956649604523
-0.35174240941236784
0.6697583202269171
-0.781171201711952
-0.39266779629131887
0.5127353096515102
0.6239798106196854
-0.7665163810010334
-0.7368749667976465
-0.49747496662433743
-0.252734672669964
-0.7568034729159371
-0.19713927169210746
-0.8344619398387486
0.4296008335872304
0.37836404521535916
-0.1869923247804254
-0.6477806674848179
0.15415034087597632
0.4381499203691358
0.0792361834488928
-0.01350239384412299
-0.8188709289975249
0.6906980655722545
-0.845480230779872
0.9778932436346821
-0.08527677866664228
0.9582324516441548
0.20733035137065314
0.8126849401143703
0.6338637979077271
0.05361083615983093
0.06534524354005852
-0.2402021327514001
0.5368039603233672
0.6000304520639577
-0.4557359683997667
0.5692659484638777
-0.7638848141193361
-0.8927972937584102
0.40070468182586044
-0.5614388733201598
-0.9919713030665983
0.4480242307115468
-0.830657814284535
-0.3032396787361266
-0.7841036388741726
-0.8073203231695774
0.2845373949799471
0.09740651773282724
-0.6723526114412154
0.23096179321338686
-0.43176078255494216
-0.6245653706194326
-0.6580958055767272
-0.6071931928256273
-0.5681460446995147
-0.776320691870552
-0.4489672627418322
-0.7143566958822107
0.19163472354648872
-0.7014877168371149
0.4723549995440095
-0.8263203058636562
-0.3557845171670193
-0.016810775490241056
-0.9315784433850535
-0.7603387514916533
-0.0306856510085865
-0.6569651378437451
0.15826423618236007
-0.8256703848068093
0.5699284422079146
-0.7993238564694961
-0.9508746764411943
0.25763003983145133
0.8447665697327632
-0.8847152792059729
0.5680508097450079
0.6068562983395215
-0.983077599106267
-0.7054857537174312
0.5723966978919551
0.6070851090724767
0.6128296067136167
-0.4329754247189029
0.44174354196712434
-0.30222107231006284
-0.1831797505844937
0.052379214729457606
-0.21490445989147017
0.7139433141372096
-0.6369210790975147
0.15994096148395368
-0.3458612605386003
-0.38786798782278736
-0.0387891032126394
0.644629853347803
0.7224094977194219
0.22859192068565817
-0.70698064089035
-0.07308454943710288
-0.8943208119921983
-0.423081234209327
0.41221456437695864
-0.9254151559479339
0.21865048737604692
0.7447250575332803
0.5692413229553649
0.42030045259939064
0.7190791640632199
-0.0009698763646225937
-0.957711457785961
-0.8091643582031045
-0.967871136612174
-0.6457015768123399
0.8638610688878792
-0.571996857186866
0.9782269971593819
0.34300148689266813
-0.8231234910185634
0.6663960449423916
0.31940433490939407
-0.6818573995944021
-0.671870759950872
0.6498669899556792
0.6777005658821886
-0.5879960689325185
0.05183730045513926
-0.29465784724219585
-0.659706806269522
0.028979293403477213
0.4872445096805404
-0.33826186634072036
0.31622148960598856
-0.39766046424774537
0.6481367909392048
-0.14517924758793985
-0.8993529035056439
0.9299420677775141
0.3183526924133687
0.8689221587103053
0.8475296079197552
0.47200925949753386
-0.4986277053400505
0.6881942145454352
0.7466578068817391
-0.43351900371155505
0.3628573284301421
-0.7551511049164665
0.819640732352131
-0.4048704494162965
0.7152309512521996
0.7307204518815331
-0.5433022348892265
-0.9590199235185858
-0.2875605781005271
-0.9966149116508356
-0.03941083439473241
-0.9380921268938243
-0.000289588892001163
-0.8311403988845698
-0.7882061691817932
-0.05457135303140151
-0.2841200690633629
0.7531186887755288
0.1987959591274452
-0.5320475953179561
0.0762371165164
-0.5871231125842402
0.19992709235810005
-0.6445422217652417
-0.06679349447744642
-0.6803870264421077
-0.8431510115976222
-0.8432157434185397
-0.6328635046677415
0.18424417908754798
0.6390905769897051
0.2757618811483702
1.0003299491899487
0.8230423046973256
-0.6068508818665146
-0.3293539734254874
-0.5672043857365835
-0.7439090300513364
-0.3513492671851698
0.7980261631537634
0.5037480187625586
-0.930109422467359
-0.6946892582274067
0.7882443819512247
-0.545331720956463
-0.23041362873159554
-0.6280128928597625
0.39260708470998673
0.9291784108288313
0.7542819111378798
-0.6504368342072814
-0.3383891776909366
-0.14512145331028267
0.6656856665192518
0.038566800882606896
-0.7708629200670134
-0.17735747702869287
-0.994134330301945
0.7785645113072495
-0.8320552654712216
0.36267616137541353
0.975579936805705
-0.5804713271626478
0.5751957755689764
-0.6939273018094254
-0.3523499487706612
0.17041880291837092
0.4870624590864891
0.22545948617774722
0.7496774716567531
-0.5975360287444894
-0.5482137171194109
0.43111148925325976
0.24612391944192166
-0.3714105894001705
0.026958809631868686
-0.9635029386954803
-0.44136958649370506
0.5818408094814854
0.6248905867249642
-0.956363384821689
-0.0276530750559066
-0.1707326074188833
-0.6749279161192866
-0.7395105122909068
0.034276588812690904
0.7545542291830853
0.8592376296833376
0.7131604005129193
0.8336835866219297
-0.2162763735598619
-0.15315115050950945
0.6759070340996467
-0.8074504901739284
-0.7775316311992837
0.3744359950721721
0.7737343833169402
0.4790299161059594
-0.6085058515511282
-0.7513064969983287
0.5319110960488593
0.4099577834468242
0.5003064126733169
0.8851696543989247
0.7748032439819504
-0.39341196255330757
-0.6849207147006703
-0.6452252568785438
-0.4721724606526471
0.07998455144274151
-0.48811933592670753
-0.41900113201293004
0.3277127603956562
-0.5640533408983943
0.07009694575217366
-0.6151136262074816
-0.5902572938347157
-0.5786778237893313
0.4617503005836697
0.43497907935307545
0.3122374459687989
0.5819782964675281
0.7238758994330239
0.40748762038797687
-0.3417977839320276
-0.2392562048514153
0.9833382880417239
0.15989692775390932
-1.0030827826768307
-0.018146783076981764
-0.3745217680045239
-0.9024316135993298
0.9354785257146142
0.4416576746472368
0.8944419199388329
-0.10511552410832416
-0.4837136785706443
0.9023744104242941
0.5586605265856421
0.22288291926831127
0.18441702379648325
0.21255140380693682
-0.6925080696500125
0.9005116540241396
0.3860642416120019
-0.6281067653731062
0.10617683829593676
-0.6664547074039863
0.46596153892581127
0.9646714124831681
0.025736692780607792
0.43642371195804663
0.6678619501053483
-0.7311668854681629
-0.6833228206841756
0.6380381871225647
-0.27933449302221
-0.23029180100465685
-0.3843348933466513
0.6939455977554397
-0.5684333867225057
-0.11311849309340291
-0.36777205156290854
-0.19559891518239936
-0.21882696521102427
0.9514166882938372
0.9749114009923031
-0.513948693840737
0.844773258115112
-0.6621237071113849
0.13225360336962508
0.16268631280330262
0.1451995724091113
0.4889149123045731
0.914754777208159
-0.40965012851396104
0.6271774051445799
0.8940216754380572
-0.9743545261979121
-0.6838453630965607
0.7242344467436196
0.9312124525352513
-0.26395598869956666
-0.760213242839237
0.7539984943519996
-0.1536647540053658
-0.8752761269285153
0.20729320142311589
-0.7394565777753798
0.3252031534541096
-0.4554648742430843
-0.12395070814815687
0.25396997481101596
-0.07082240892630828
0.4436765316611584
0.662332013665226
0.9486808308856535
0.50001757119373
-0.2613197728564485
-0.0768091961896476
-0.5009567128947472
0.9586831064199145
0.9438263134777035
-0.6483139633503372
-0.4906870156752556
0.8458372509883624
0.1728365745310411
-0.09586503842273043
-0.2709971398376977
0.5499565730127844
0.2595795512518753
-0.4025436862063225
0.14352070780745893
-0.05722172649906443
-0.417269626685301
-0.8757533416028728
-0.17476300250888213
-0.21052712868878276
-0.06335908990602045
0.7462391371337807
-0.23389121129349097
0.016248419654061555
0.4093175614221581
0.8482614605582376
-0.156577238367451
-0.5288416347063929
-0.8131069762068415
0.7078650876629847
0.9387744985756271
0.721163615456036
-0.4410395168190562
-0.5169027353366176
-0.4336908164356636
0.47853580133819784
-0.15816120545895412
0.471305541521896
0.7693824158768997
0.2362958705021243
0.5902978561580134
0.1599862959256131
0.7261636060964829
-0.7599415181731249
0.6539560338154722
0.23821161522171308
0.48003743853934033
-0.38429739830994225
-0.9174688320449301
0.41150606738456563
0.20624989058523158
-0.8217422810132347
0.5023168242598701
-0.5602825188284926
0.11418601301643401
0.39909268412976434
0.473711183648538
0.6425161000950093
-0.48370421674149544
0.10487299114505204
-0.3457984064189899
0.02610874555029934
-1.244192596600871
0.3043796653729075
-0.30350078666789176
0.4000090160057339
-0.469167233714635
-0.8792817353361352
-0.517994657283732
-0.8884175957100154
0.3104052308166018
0.9291084044637757
-1.2120541695995446
-1.3317525676260498
0.08473372909375497
-0.016699753869792798
-0.7433852995130377
0.2843396879005184
0.5952103587784477
-0.24671534579399865
-0.4505148291664135
-1.1247711326270835
-0.6889080502288004
1.027254212145288
0.5038674268110742
0.10868427772747859
0.7338577379584662
0.1603954490575054
0.3493260406853363
0.07198980642367482
-0.07695351089139056
-0.269696710599058
0.8055475311393456
-1.1046475102009796
-0.8092889122073675
1.133612754566342
-0.5548875652845727
1.374526975596704
0.5220820493167768
-1.0072700831610812
-0.5155084501322806
-0.867040034413056
0.32981579351059637
-0.5938193426842151
-0.47219217646424294
-0.18480647878501721
0.7773892958500326
-0.5011667892353042
-0.11242575072528072
1.5133572761792367
0.6587859433058185
0.07778734865323447
-0.896047034650681
-0.3582112524586121
0.47618641505410014
-1.0759736527800638
1.4682751791808002
-0.7324554654417011
0.8176160759392017
0.1994914595086199
0.45004671488126674
-0.7926680832435947
-0.013133564831664453
-0.8173485357935336
0.7579210968199028
0.08090877414533346
-0.8156363159989144
0.0036550826373566306
-0.45889760451256184
0.9221988712106817
-0.8358608600085903
1.0265210243578766
0.6258040243714436
-0.001820345414254776
-0.6844760986676858
-0.7459085278897054
-0.9640692194897216
0.5289520997664089
-0.7554630885371855
0.3568013808304017
0.8615048667551785
-0.13368959117309182
0.16163646559359338
0.11456835550323993
-0.8468428635586212
0.2401149324178722
-0.5047115614668026
-0.30368527185898325
-0.1279403248279799
0.8344324638426031
-1.1001664291250637
0.7735844360472156
-0.9418136583535253
-0.38335796287596563
-0.7649681764706634
-0.8335564598254209
1.234908151357896
0.3533777478130084
0.46604467305962455
-0.5680201007885741
-0.6572240288277331
-0.035462885652734547
-0.7167678000552898
-0.8990793382186931
-0.3345396508487725
-0.3105137629583569
-0.4808345032976085
0.8585264578274403
0.2398301997906105
0.06632560898357454
0.04329249185297729
-0.6322324652256172
0.011705769755820532
-0.22760263525681743
0.04022060003102631
-0.22630548067478523
0.3986805158677861
-1.0523314312824166
-0.7094890171499144
0.07736114716285132
0.7123233276509646
-0.5984287818481272
0.21499668542668446
0.13534675260084203
0.45132719232766655
-1.2107672325214445
0.07535331064897124
0.5842466458842719
-1.0644969830330955
-1.132868546369921
-0.8049438270306423
-0.2581864897267103
-0.42069322438756906
0.1476984605567519
-0.5462733832861206
0.7420120789232609
0.8069153653945972
0.3920113415147433
-0.668925002693902
0.4864567377492728
0.1635653077087437
0.2765768727811119
-0.5573796343104445
1.009447061697157
0.9332271953856169
0.2968096808513376
-0.6068752683452819
-0.8265441263621708
-0.7410636076195524
-0.7278521891400417
-0.4907353647274324
0.9226874891266393
-0.6176169520528981
0.44371457181973295
-0.8143085289979628
0.2129714659773495
0.7414475160435362
0.09651853078158974
0.08372950412223489
0.6431788926401789
-0.14696331451715042
0.33622389468365704
0.047782531540934106
-0.09175699786472212
-0.6732849892613335
-0.7526684715149323
-0.3636388968896787
-1.0278151889808216
-0.594348911525317
-1.1306908229050918
-0.5253085021824726
0.4496073195600876
-0.5369709419501484
-0.9938087783652653
0.8226832872462821
0.44999953182796765
0.8562963073219781
0.2488654100778293
0.8115965824187433
0.6240979883404787
-0.1655403400434564
-0.4320876239398313
-0.02338738192676899
-0.9304753117878738
0.19585864203543837
0.7726553758016567
-0.06748006542575759
1.6100209585577812
1.2065723599725708
0.06319463292014667
0.3902099674124601
-0.5275816038990011
0.6051532519962686
0.2767007690867368
0.6759263071838444
1.1592835557664154
-0.29943751146044617
1.2224578970255484
-0.7942055008172751
-0.31424269145628003
-0.24601226511570107
-0.7590161491822464
-0.7167190929263159
-0.7678949010940943
1.0851570481222572
0.06175128911263209
-0.26935736051679954
1.055329656962209
-0.12453228677030778
0.2034865176438301
-0.3190155703759462
-1.0070227577722288
0.7516212475968327
0.10053271645850101
-0.41702415760627715
-0.6547896130927994
0.009385675896349246
-2.110934300811028
0.9417084876597331
0.8299178741648889
1.055175360574437
-0.5268086119727029
-0.20200553291240678
0.35794372927439705
-0.14274912421848004
-1.0163938709416445
-1.2269233528340167
1.0300105195274682
-0.39029306830200855
-0.8686835955039701
-0.04017296883247756
0.22081210726784306
1.0801779955796311
0.07915392720694364
-0.17860751634997302
-0.4121504557800135
-0.3280409103314334
-1.8491245788633643
-0.6610810598544202
-0.29645002012117355
-0.4356602045701893
-0.0133946926147759
0.04743032176504858
0.9541989200626283
0.3205031462389067
-0.2487113205843192
0.30979998154351873
-0.39763807461753364
-0.18852552125816302
1.2170059738577712
0.7017293748831112
0.18025500271052045
-0.865590824719336
-0.708427642237959
-0.02096909232564549
0.33716684667333385
1.222859423505381
-0.8975091200219862
0.2754644760955923
0.11368012686197597
0.6563406536504129
0.811594768405776
-0.5781534268999778
0.39676164573559736
0.0781379173088201
0.15809016140733514
-0.16398386566013812
-0.2673168996935984
-0.3801180423869407
-0.8310307929845215
0.12885695982321382
0.4904968393452198
0.9544472361293247
-0.12461396288014599
-1.2561684886306896
-0.04976545967969209
-0.5667486098150027
-0.24752283979262824
-0.6677507195101651
0.6443496037542775
0.9307884002952228
-0.41527504891363304
-1.3163309169529518
0.5099131832686712
0.43532359237757107
-0.3699569014601987
0.16656959381397424
1.0087138895155157
0.2401474902591782
-0.42561921524972746
-0.7712944191476888
0.2831039829844195
0.26080313666726496
-0.3208088984512925
-0.7246592384533219
-0.978301716659466
0.1560350122883453
-0.01055213727520923
0.18760900704949657
0.6054280859204699
-0.17116893704893918
1.0728046988751203
0.8072460350213386
0.6484371896955107
-0.8209692346143069
-0.1399474630042166
-0.7912777889757722
0.9450415794027289
-1.7615476739080154
-1.1924793029746987
-0.6693770739995165
0.03970801545050637
0.0034978283685511416
0.3330941156934749
-1.0639926415801408
-0.1894209936498713
-0.32014038197032085
-0.6487734051978976
0.6612722457547752
0.017940351527982866
0.05100439747845871
0.2813454996805335
0.0010033364515042052
0.02307234720879959
0.4250926148182446
-0.7340880120470288
-0.8026610724231629
0.22590343909058722
-0.16622358564477374
-0.385018598316273
0.24520736687852976
-0.8495267150283858
-0.8390423536822044
-0.6718028926355524
0.003883949044133337
0.48953842156500715
-0.9090151282018054
-0.09661545726927805
-0.9942041819967088
0.2318225288044449
0.4225227911465098
-0.824559483464691
-1.006719334031561
-0.5906936814385779
-0.7039420691754003
1.0821702922138918
-0.7440043770136218
0.09434793845423073
0.15232524133397765
-0.16694490094054243
0.9159767163545885
-0.8139266218093614
0.4205187343620124
-0.31021468549569364
-0.06270009636885811
-0.153167033399511
0.10644012038900617
0.05480129686545991
-0.7414552793372985
-0.041941954828997645
-0.36164485005226654
0.40865299278050626
-0.37583227874368175
-0.07884531786578507
-0.2739143719090907
-0.7514364237773629
0.47293736421950117
0.28504359376528043
0.2141525910966045
0.6640662437790205
0.02475770855197085
0.8793723918812509
-1.5515942681917305
-0.33282229520164935
0.6910497676495835
0.8586956550461696
0.4783158543766378
0.6301878123567223
0.27525150759369316
-0.12620261853191983
-0.16478952983985512
0.5192026775356696
-1.081460487890652
-0.21755092102874754
0.23633959492503348
0.7834375748771194
0.11456676759104137
0.8625879205099716
-0.6798578469220837
-0.7792173968889704
-0.9798127012729568
-0.6208361895692446
1.0696351472402035
-0.04005261035462722
-0.02350134299645961
-0.49878263896393304
-1.1229213770389739
0.08164456715663891
0.03966601722783604
1.0409981791434593
-0.2571210364097439
-0.2997332444857754
-0.1421656243260343
0.23733871089814781
0.5438604227152541
-1.4617600214501483
0.9113429561678846
0.41269456093928514
-0.16809944765172913
-1.4793778525216656
-0.010780463991144266
0.2689689946915097
0.1314129528246738
-1.5463640718689637
0.02183693521977584
0.6889588110901573
0.26372139990654775
0.4226725987743728
0.4215206257660546
-1.002984363614094
0.7390607435309088
0.690258382687194
0.438917589179111
0.5482336480579543
-0.3670768547640738
-0.018594629659599887
-0.17316422678847176
-0.847765473716477
-0.6207133222762048
-0.18093150863076007
-0.08931459828614917
-0.5069130718414926
0.1353606631267374
0.8283603211087183
-1.1354485548557043
0.05491288836119753
0.03924924520854678
1.0000385300569927
0.19744388355255368
0.1766961456797704
-0.2874937411167391
-0.0807981064392064
-0.6567181598722265
0.19166447338818018
0.36512069618752174
0.23922155521665886
-0.5031477913342082
-0.02583146174092817
-0.18453068294471373
-0.02446685139087222
-0.3394016685784449
-0.8757653083667423
0.7034666372057502
-0.38399545018991305
0.7568082936414028
0.48573131242516676
0.28716297127782325
-0.8598648451926336
-1.2120796119845627
-0.8182442336414913
1.1627648574783636
0.03657023184924536
-0.5490258361967336
-0.3392510648714606
-0.04554472463959154
-1.1200775597813017
0.25198601076212523
-0.6533952157223816
-0.909127321165892
-0.7746632413269181
-0.4684694264482962
0.17334676193752332
-0.13998796462204371
0.6054793182739724
0.04428304640181037
-0.4849971264647586
-0.6822179932770255
-1.6598244358472014
-1.1321864137826665
0.47052903461828693
-1.2773367346348146
0.18097478288134242
0.36333030311440306
0.4113113347838946
-1.162135105452574
0.6068100847512505
-0.44786380961454597
1.1368876473701017
0.33846742300514726
-1.1175267996380838
0.4543724978548219
-0.5761300456862637
0.22873526158086183
-0.9403209194799054
-1.2155373185404064
0.8363930674237413
0.04581601374974349
-0.7593794232252167
-0.17867490427857174
-1.1665791763497428
0.3316316367705722
0.27122054597831147
-0.1981948858113999
-0.9139045341250754
-0.0475394845767917
-0.4532235945387239
-1.3109742023462534
-0.25983891571545625
-0.9443114091330016
0.12302573574082104
-0.9172151121968952
0.15266679981933765
-0.17950042845211903
-0.550712089892001
-0.9421065869345651
-1.5069244324449462
0.4276362030794273
-1.576166487917121
-0.012728325975829985
0.8949683311097305
0.28351175391409095
-0.04677053913587926
0.2718011837531856
-0.9983775318932171
-0.8583331852030633
-0.840189170928349
0.05931378017923799
-0.7604374918975919
-0.9648126849861182
0.16590689147066717
0.7009509343123863
-0.5034121448237002
0.42920387056137294
-0.8350666337752448
0.1798131890332709
0.9308052665269967
-0.12663755872225738
0.7905304923308795
0.1198306960919047
-1.0188452512847361
0.4504244585459088
0.9517240779858985
0.1947241112592667
-0.20613617855783287
-0.5136191010512361
0.5535618214975863
-0.31564594661621287
-1.0040490444005055
1.1783424278883898
-0.9825446270735341
0.9019721539479665
-0.596791500160514
-0.488524131721563
-0.7886033523960243
0.866567288202848
0.1847694882202058
-0.8998468147429223
-0.7373809857669118
0.15166344754015035
-0.060596642790297486
0.7319730712377317
-0.6220025873101929
1.3513738440464964
-0.4105464643158507
-0.5154865432298519
0.21127202022362493
-0.7409253215709835
0.07123955954096786
0.22232930786779195
-0.6692999983907626
-0.16992060738550893
-0.43976736783814646
-0.1245148646388194
-0.7839941531661782
0.09970306699397488
-0.6230920174924122
-0.11742194212744321
0.3399149653486476
-0.5091178934737414
-0.8076556712633486
0.14253114624958768
-0.183206164328554
0.7701096602413368
-0.25367815443062885
0.36177705594901255
0.8561154806954846
0.1066387702846456
-0.9974188491420174
0.7345393634890486
-0.6824334579900332
-0.709009064196758
0.5505431543947137
-1.2446419939985949
-0.5543711274802594
-0.16781491476260857
0.120838910987718
-0.8587560206906953
0.7578753019822914
0.10655073080901845
-0.29367752766986005
0.22049700557536617
0.3142429716039
-0.34328911009329216
-0.747817106914177
-1.164981241310547
-0.36202355456865765
0.3180545690194971
-1.1230607755500022
0.9581143491750165
-0.8542852016102321
-1.001456712370029
0.6087702746590684
-0.9999439818918263
0.09679108840357437
0.4671027411579133
0.3263282923237795
-0.46155267590941795
1.1247929217983423
-1.0442760312418196
-0.6254793821949328
0.029858002686832436
0.20093782615348116
0.5013068271902285
-0.25431892887009133
-0.7475768548564953
0.16070291163021677
-0.6854783484877597
0.20250978806427095
1.4830424733826717
0.3345534826787057
-0.9868661848756849
-0.523577873076977
-0.519230178329609
0.8905953678562767
0.2983480441980203
0.07038802122492854
-0.5408493592170059
1.3376388680509241
0.543459892518375
0.46584950636767647
-0.7218004121787663
-0.052023327278399034
0.49283808292334547
-0.027576080109925474
0.7264918859559504
0.1012344361354032
-0.030693908036913336
0.1633871251363207
0.7280828574084607
0.12342956717647187
-0.9199021641396222
-0.16035691064186736
-0.0584507589169552
0.2408554877429391
0.15823771573636417
-0.8776786995250054
-1.327069908071096
0.8354968378804409
-1.459261012110932
-1.0546543230453407
-1.0875779296510615
0.03755771659287094
-1.026959478745613
0.6243531394577696
-0.9223411647365917
-0.5738947139511158
-0.24200693933066772
-1.116905551822381
0.9510452887263151
-1.0562276505013353
0.2925112863552028
0.30932564393604073
-0.9687797880339221
-0.13675306996007286
0.6941127353908206
-0.7503266113185016
-0.43529209346875847
1.0931722836330635
-0.5230766061779992
-4.174627923107512e-06
-3.4596592997296574e-06
-3.4596592997296574e-06
-3.4596592997296574e-06
-3.4596592997296574e-06
-3.4596592997296574e-06
-3.4596592997296574e-06
0.00014253389118188894
7.868048570372893e-05
0.00018874568346068465
0.0001462017710615567
5.8889951515064865e-05
0.00012232122778931453
3.829561510713467e-05
0.00015421598619164007
7.215860765174965e-05
6.525325611234895e-05
0.00013037662547937394
0.0001855927534394491
7.398682868389949e-05
0.00013101038915751522
3.0643854048747194e-05
0.0001362157589034423
0.0001120829457309322
2.6077481825024165e-05
0.00016540714122151374
0.00012414512618240926
0.00016705846625391377
1.419490063257793e-05
0.0001474088633705717
0.0001269138121750821
0.00013475725011032513
7.805176011480453e-05
5.03944551360964e-05
7.007381936229709e-05
5.466548356909653e-05
1.863676865475437e-05
8.671045230851156e-05
0.0001558148174921924
0.00012321722987238587
0.00012863400516040024
9.607980035961287e-05
0.00014149108183512311
0.00018352106139255138
0.00013285391735353815
0.00019103647062575503
0.0001858217222354649
0.0025326783003206525
0.0013156742437960042
0.013370870375871046
0.0060810739399214
0.0002447155742183751
0.002871409132879058
0.012717097530093004
0.0007470079229835274
0.0015448654184114403
0.007839108304946892
0.00437198852197585
0.01310887662175293
0.00035992860078497957
0.01246951645941234
0.01156030823434154
0.001999042700419213
0.0005850994207925591
0.0014501741337639986
0.0033517413984222397
0.004045970887159113
0.004460102243841239
0.00090675305552005
0.0004987482009850852
0.0011757792659449191
0.0010449298159422194
6.921460870344795e-05
0.0028525893057048174
0.01108686171635152
0.004048650245739415
0.0031664693137183923
0.0014303667013394025
4.025190278625854e-05
0.0022124995880139784
0.0013133572897465256
0.0024586328324509967
0.0043209832575497285
0.0017580790787641758
0.013501275988358565
0.002632639509471737
0.013685469956399505
0.00014253389118188894
7.868048570372893e-05
0.00018874568346068465
0.0001462017710615567
5.8889951515064865e-05
0.00012232122778931453
3.829561510713467e-05
0.00015421598619164007
7.215860765174965e-05
6.525325611234895e-05
0.00013037662547937394
0.0001855927534394491
7.398682868389949e-05
0.00013101038915751522
3.0643854048747194e-05
0.0001362157589034423
0.0001120829457309322
2.6077481825024165e-05
0.00016540714122151374
0.00012414512618240926
0.00016705846625391377
1.419490063257793e-05
0.0001474088633705717
0.0001269138121750821
0.00013475725011032513
7.805176011480453e-05
5.03944551360964e-05
7.007381936229709e-05
5.466548356909653e-05
1.863676865475437e-05
8.671045230851156e-05
0.0001558148174921924
0.00012321722987238587
0.00012863400516040024
9.607980035961287e-05
0.00014149108183512311
0.00018352106139255138
0.00013285391735353815
0.00019103647062575503
0.0001858217222354649
0.0025326783003206525
0.0013156742437960042
0.013370870375871046
0.0060810739399214
0.0002447155742183751
0.002871409132879058
0.012717097530093004
0.0007470079229835274
0.0015448654184114403
0.007839108304946892
0.00437198852197585
0.01310887662175293
0.00035992860078497957
0.01246951645941234
0.01156030823434154
0.001999042700419213
0.0005850994207925591
0.0014501741337639986
0.0033517413984222397
0.004045970887159113
0.004460102243841239
0.00090675305552005
0.0004987482009850852
0.0011757792659449191
0.0010449298159422194
6.921460870344795e-05
0.0028525893057048174
0.01108686171635152
0.004048650245739415
0.0031664693137183923
0.0014303667013394025
4.025190278625854e-05
0.0022124995880139784
0.0013133572897465256
0.0024586328324509967
0.0043209832575497285
0.0017580790787641758
0.013501275988358565
0.002632639509471737
0.013685469956399505
-0.05392217435269738
-0.0500388154073545
-0.05312460732700598
-0.05371752075831333
-0.056640186313411826
-0.0478584735504119
-0.05151097785347604
-0.05228011073221879
-0.06181517440820155
-0.057406981247283356
-0.06255950753976364
-0.05977878675094534
-0.06238891055701875
-0.06636406095531812
-0.07162729206962415
-0.07420317600235553
0.9231066256846726
