7
17
0
20
3.7405762879332056
-0.000948070285709331
-0.000948070285709331
0.2108996421117914
0.8964868913804437
0.10564914407415912
0.8798851034984282
-0.727689171869319
0.6324296949949756
-0.3042170378375221
-1.724883957537944
-0.09061727101501835
-0.09061727101501835
-0.9134323529529995
0.7545471640421464
0.2809015079175608
-0.593402988293801
0.10722820960097534
-0.8886289418901624
0.301006569437462
-3.4129635997323597
-0.01739213566387908
-0.01739213566387908
-0.9230325095361139
-0.10500348171123508
0.24372043489138379
0.18824506197878269
-0.033803126281050394
-0.6637537151093944
-0.5293790603353585
-0.2983412992926776
0.024815037691518875
0.024815037691518875
0.2674915073166202
0.2654355580288895
-0.6537893653587094
0.370393749073896
-0.3014374863068775
0.27423616936063616
-0.058516793032363616
-2.4422990335876764
0.106531123915037
0.106531123915037
-0.20595514582858893
0.1304769901635746
0.8175641177308514
0.7568431449767817
0.9883489981925339
0.4658691738438782
-0.25988707620937196
-1.9862972877032596
-0.015827771680008398
-0.015827771680008398
0.994393449703757
-0.034211069544598696
-1.0036411982508782
-0.8377395172315706
0.6463284934765824
-0.016221240168949883
-0.9669680824534582
-1.7565484842143064
0.03923426256518858
0.03923426256518858
-0.19763014961077927
0.0408154225603675
-0.15141356140215925
-0.43285870572387664
-0.7463697248870607
0.29527740346927317
0.8367703013398866
-1.516339727154239
-0.024568192275332572
-0.024568192275332572
-0.2560000396098743
-0.801178819005537
0.6431197714817267
0.02413214406964044
0.1133658944231509
-0.5031930013471079
0.5323443128834059
-1.5591309316041038
-0.1338322989452351
-0.1338322989452351
-0.15650830569023638
0.3642364970827783
-0.058060431562154784
0.4557363458377834
-0.23539623495267503
-0.8967037381172964
-0.5787638381382404
-3.0094493439808647
0.01747288480791166
0.01747288480791166
0.5349248075238382
0.11948245915284794
0.9680450310241684
0.9389716889016041
-0.8628662727137602
0.3221457946039224
-0.32546149174971367
-1.6451589883323303
0.04105440815004503
0.04105440815004503
-0.2111259112949949
-0.6543626593858551
0.39126196944547165
-0.5712397563022948
-0.1834839674357134
-0.25407467345409596
0.33217134267490506
-2.2290171849548144
0.02200463264812129
0.02200463264812129
0.44324900724166505
-0.6016312893901578
0.5798455607084244
0.14488109503633256
0.1331732267626346
-0.7764251009714479
0.10749679696603705
-2.619837937887574
0.14826042797718425
0.14826042797718425
0.7569205109216303
-0.0014609394077384624
0.18027693845986817
0.9345995503318388
0.988040849607922
0.44028177059258355
-0.4544444718033786
2.9427435336379095
-0.00029684405096038857
-0.00029684405096038857
0.8774164086351741
0.8774580101265909
0.32254899836959083
0.7431886939495335
-0.08839818527105363
1.0046194627649219
0.31166567439046294
-2.658944868660788
0.1505543012239599
0.1505543012239599
-0.2679256566199373
0.37164479156248104
0.9223227215511248
0.26384265965562886
-0.21842442195736575
0.9693383098875284
0.834421075635831
-2.3046344865169
-0.0049428796568081875
-0.0049428796568081875
-0.14089621008907197
0.43041812085025444
0.8702487537780039
-0.9704645140137205
0.28612396982888366
-0.9227599995070501
0.5666033057921077
-1.941105030804238
-0.13545267222063426
-0.13545267222063426
-0.1851728999486392
-0.21204048388181385
-0.07837261482197018
-0.10932463270211998
-0.916274932176707
-0.7694371486664112
-0.48141159021946195
-2.40621603196294
0.06809930338902823
0.06809930338902823
0.7256762398348776
-0.7101825413404087
0.7830430607431079
-0.7635412786446638
-0.6213257198009189
0.9857835303210649
-0.4565014512668239
-1.6968799086928221
0.09493414734944577
0.09493414734944577
0.4578989141864402
-0.24618449988209212
0.34342124746153974
-0.13371466920249397
-0.10154298285881969
0.5544034484640546
0.41254308118736266
-1.0319788318454435
0.024829587837834618
0.024829587837834618
-0.15571472615507384
0.30056768875370055
-0.4109722131756281
0.44107898983050897
0.9077388383013657
-0.628160384374142
0.5683198094007189
-1.2671077256966155
-0.002400985783249517
-0.002400985783249517
2.0919346379699237
-0.9528204921716472
-2.506715470845427
-0.3966607823018888
-3.014074013541506
-0.8973778454730046
-0.7462695797686465
-0.5604379698920652
-1.4777854870319813
-3.0051592511370924
-0.282374526264079
-1.9887550879736533
-3.353907981133927
1.2292208099015622
-2.561241137884051
-1.5563338602499825
-0.9674884736134824
-1.1746933061128966
-1.2426832800856016
-1.2372139595542961
-0.28128691331931577
-0.0029634589672789887
-0.0029634589672789887
-0.8753146114512262
0.2429755098293327
-0.20701519332232216
-0.6587032500892651
-2.2998664576396224
0.4620809564857953
0.7435035831235393
-0.3530807136596538
-0.2881407025992236
-0.047526987821771546
-0.2911068262731806
-0.02495074271336459
-0.7867410682503627
0.04417990684467761
-1.5126001655949564
1.2186399184329244
-0.1478609484706854
0.009246108664421665
-0.015124344698614678
-1.1927329977459857
-0.6806473563571934
-0.003026058319901509
-0.003026058319901509
0.13904378590154087
1.1556188226003596
0.3330450462889663
-0.6507401091842311
-0.954346289361273
0.09197890381568043
-0.2619427009545337
-0.6464647097547631
-0.8284917370016139
-1.2332025823490211
0.8548205364174971
0.17531270275317404
-2.3133404270944617
-0.25599849780525585
-0.7248679450459742
0.7050622319296629
-0.6512156723628415
-1.125958603907523
-0.8843290904853671
-0.7694558978536491
-0.9194354539148001
-0.0035482777291503146
-0.0035482777291503146
-0.6064025930193135
-0.9079151673301309
0.6542352587000679
-0.2358705848627155
-0.6831086827975706
-0.7818925438698374
-0.2815631911270735
0.13801085315040196
-0.8691829712741054
0.15550895810099183
-0.4071574087603722
-0.4795674306582708
-1.1977514027894949
0.11969798087171896
-1.4115821016632213
0.024177412088691112
0.716275626361951
0.04517691279721363
-0.0641788907796366
-0.5884122489585479
0.27248169425294955
-0.002648394191398975
-0.002648394191398975
-0.08672635161264758
-0.4569014860656437
-0.3107722926903774
-0.544795068346533
-2.4923019012095153
-1.3129044990133625
0.9116151865728738
0.28395453358763006
-0.7053433620325252
-0.9494832715281066
1.3655469541930128
-0.1271482434102881
-2.81410871708668
-0.7742506901642837
-1.2121507286388449
-1.376381731766548
0.7782252212353564
0.20712240745875024
-0.3267419255133141
-0.26836742737220953
-1.0733789349890297
-0.00537545553864244
-0.00537545553864244
-0.8311790776574353
-0.6616981151332092
0.8054402903625756
-0.9492453361340203
0.9542927907488992
-1.8351179489106468
-1.1910676592428229
-0.5853884016160803
1.0005819119658146
1.7940032544127358
-0.8148825372227075
0.07512564076587824
0.8084904923129561
-0.7327754247385139
0.6342399714527133
-0.2073913062867172
-0.12871861715252989
-0.6225441442653267
0.4173233122458334
-0.7787509544540578
-0.3911583138024728
-0.0030483657159093456
-0.0030483657159093456
-0.8456145248047388
0.05085054543420538
-0.3730580632054316
0.21739324098350418
-2.3273974325186213
0.9763235907844402
0.520234950861296
-1.6051735200034312
0.7900432074264468
-0.5373502678626226
-0.6016064986908909
-1.3316053113842146
-0.784068754302456
0.08743159091296401
-1.4887897808791921
-0.7634040303858587
0.18118066027958685
0.5399309957568459
-0.16826528976347083
-0.7822605753024495
-0.8930140087849542
-0.0032569583552514865
-0.0032569583552514865
0.1926158677703135
-0.8393142207878724
0.482083031994969
-0.4458545985804091
-0.5870027878537594
0.005247161412818468
0.024556534121632903
-0.4464882246911323
0.38804644534342725
0.2471062013953631
-0.4761074802576881
0.08011900685018065
-1.6606403909758263
-0.186605923272552
-1.0260924448982536
-1.2511864000688424
0.785306718254767
0.1936499854187411
-0.015751857604434438
-2.037263760853917
-0.6416449856963204
-0.004976226301645195
-0.004976226301645195
-0.586436442290621
-0.02641490372970921
0.6426730682469377
-0.25427242175073284
0.5849806315116609
-1.083030033936706
-1.2361260793589615
0.46011584899533514
-0.6928814111129843
-1.03386296665116
-0.7679486108652913
-0.37078116529834015
0.2579725440981903
-1.0027915135436662
-1.4352875958082671
0.3890060545272091
-1.034137773882893
-1.9615623117043768
-0.3000773387390841
1.1289062743481288
0.1973116572614805
-0.0034477664595089197
-0.0034477664595089197
-0.9574114831010875
0.22612271828984726
0.9147021386497334
-0.2548321208326954
-0.7879111455679623
-0.42286760580951327
0.5499673476106665
-0.42582584109822197
-0.013302337566655014
-2.0364510242949065
-0.13383070020682908
-0.6670839339801905
-0.6046428857269103
-0.33918452904338614
-2.350842190785583
0.08076230248304658
0.8943372573463712
-0.5325570089928414
-0.6483451641126988
-0.3151078237381137
-0.3691353584782025
-0.0036686905305020733
-0.0036686905305020733
-0.5402713414139164
-0.7114387559680088
-0.9293288400658909
-0.16235163643453743
-0.35189706732093073
0.06456220507809107
0.5222122880170432
-0.034935399710986824
-0.7669107851181107
0.10884455358718349
0.09064134357103919
-0.04997242064083319
-0.9297587062169562
-0.44491150442797356
-1.3570727105798457
0.10139877836042058
-0.02980109988686409
0.11308155153578058
-0.7756527147671548
-1.2067086603182544
-1.169766769911275
-0.004136727951078553
-0.004136727951078553
0.1360317752343406
-0.2755221059248135
-0.9053795256070706
0.709680933739927
-0.28303484835116804
0.18939200865358127
-0.6873878276004716
-0.4296475381068867
0.42418812859014454
0.37466964636995465
-0.28228216649992577
-0.9439996841245318
-0.18101256110442585
-1.1053581787108382
-1.8751961781868036
-0.15333059899212118
-0.775789137100583
-0.7016842501232774
-0.8694453656022656
0.3809644871627649
-1.1341213051913002
-0.005807320374503801
-0.005807320374503801
-0.9174818445867208
0.940759100591521
-1.0877989590357855
-1.5585573145431977
1.2246297333692047
-1.3180216719835112
-1.4599072119146772
0.2065377166478711
0.5495516686988776
-0.2833824750442961
-0.12091450931420954
0.8570538124144365
1.2635402756545804
-0.6278273904726953
0.21640867163552158
1.420218360610769
-0.7516252833814903
-1.2277845723067646
-0.6302507675267703
0.4108186654711931
-0.8005746495571224
-0.0044295688596003085
-0.0044295688596003085
-0.8759606102036356
0.19297130947412622
0.7532205570222907
0.3896348946619378
0.13132516961003513
-0.8246084952972597
-0.09560486207627276
-0.2382337076600504
0.5826082620836742
-0.324122762975336
0.05275040805003917
-0.88507163900803
-0.45652938300477924
-0.48478393170179834
-0.30064510217842544
0.07065263202953795
0.6389324132963176
-1.3404439122236684
-0.8060607987076592
-0.4242701386387455
-1.6237549109822513
-0.006902909681645501
-0.006902909681645501
-0.27366748376996
-0.6374508091478611
-1.340943089412037
0.7137377927449292
1.4854961856458546
-0.34837267097926267
-1.3638205216147585
-1.086848999990284
-1.4412123655532334
0.6893076511469496
-0.493874252535966
-0.666704174425079
2.1764514940933397
-1.3901182336653406
-0.26752645727017
-1.6080911583203055
-0.42975219231348705
-1.1550266475759243
-0.1423336242494587
0.7440016755297759
-1.1220272192353011
-0.0067660210458541994
-0.0067660210458541994
-1.0606276646388235
0.19239047840754886
-0.9981580808098162
-0.8150939188877219
1.3367075712832837
-0.813600597427329
0.18390902201627018
0.2156893647239258
-0.5983139581070903
-1.3241107774175136
-0.5220417863438824
-1.520563058497397
0.8100837831209888
-0.9359011308776313
1.4149463960257906
-0.029443050932647173
-0.04135489976983497
-0.5984907445315648
1.0699329837245186
0.3015148232843299
-1.369225562846415
0.07203807868714977
0.07203807868714977
-1.3730706353888849
-1.3808241662871392
-0.5067434403785342
0.15097015897890756
1.589934600514999
-0.7563556014238939
0.1910231120357745
-0.6189634356102425
-2.087047451530643
-0.053135620810335
0.3354582490451935
-0.13268707739958216
2.1577797406696826
-1.2612269067749078
1.659025192061549
-0.20499254823217125
-1.986043551197725
0.3155119371517996
1.2259070121552393
0.2023241146776274
3.240066673725883e-05
2.6851559003504518e-05
2.6851559003504518e-05
2.6851559003504518e-05
2.6851559003504518e-05
2.6851559003504518e-05
2.6851559003504518e-05
0.008878325359540449
0.0007241235515701723
7.307868060498137e-05
0.004090030676582506
0.0029626851788429652
0.0005758464143998722
0.0010001278047222235
0.0013798441895632178
0.0008774505774166884
0.0013026677299633066
0.0006667498612449588
0.0009196200202667132
0.0030115391527704275
0.008916445746550983
0.0026868840187997765
0.0008626766169969045
0.0002054801398811679
0.0007371373061085989
0.0027160979327476836
0.0036599708408567933
0.008878325359540449
0.0007241235515701723
7.307868060498137e-05
0.004090030676582506
0.0029626851788429652
0.0005758464143998722
0.0010001278047222235
0.0013798441895632178
0.0008774505774166884
0.0013026677299633066
0.0006667498612449588
0.0009196200202667132
0.0030115391527704275
0.008916445746550983
0.0026868840187997765
0.0008626766169969045
0.0002054801398811679
0.0007371373061085989
0.0027160979327476836
0.0036599708408567933
-0.03001232229061896
-0.037043237090987356
-0.037825728998768855
-0.04435347161437893
-0.03310492739248718
-0.0671931942330305
-0.038104571448866816
-0.04071197944064358
-0.06220282877056494
-0.043097080743861496
-0.04585863163127592
-0.051709099388481915
-0.0725915046812975
-0.05536961074500386
-0.08628637102056876
-0.08457526307317749
0.9004759835893721
