7
17
0
100
4.558682595106532
-0.00022482327475056916
-0.00022482327475056916
0.1960038686284347
0.13977681381198734
0.8402015562429105
0.9764154844978571
-0.5893722692466808
0.4949032091679032
-0.19864530929691107
0.7656459404375768
-0.04326005713731212
-0.04326005713731212
0.8082151946392172
0.2865804747172624
-0.7303932337893682
0.6320139269547099
0.38548687599455556
-0.7023625781612836
-0.8882839328629877
1.082365511906289
0.030017417542585568
0.030017417542585568
0.9758757941511138
-0.4742212190805072
-0.5944635527075546
0.1932483752846114
-0.3673889780889076
-0.3234417141175925
-0.22016621651373933
2.7307507901405192
-0.0010680335386788718
-0.0010680335386788718
-0.667042253136231
0.5067764915723124
0.32755199823384223
0.5805167098147175
0.7870810197268259
-0.3814999033160218
0.8614595374111303
1.972228894329441
-0.0005291778171789578
-0.0005291778171789578
-0.4016779819839657
-0.020096612448386154
-0.8013775272355822
0.4651680433856268
-0.19346216809328062
0.22903504018982246
-0.047959326928412885
1.7625656758962882
0.00015828033941324033
0.00015828033941324033
0.9595153696992701
0.587911126079063
0.3072955375809263
-0.7958294135149152
-0.20404039033782082
0.9426264220173707
0.2994162039966923
-0.27960129613771084
0.1291566703296647
0.1291566703296647
0.4620930248439099
-0.3791206615370441
-0.8253989095085137
-0.9524256705720365
0.5522233961405445
-0.04046627350051661
0.8270033611534893
3.38864611342279
0.00014714432980403268
0.00014714432980403268
0.9466705632635556
0.10561972994931208
0.07923790878390331
0.6953768602751496
0.8989957913505804
-0.23408585838306922
0.22652723405207117
-2.520706700715545
0.08487544703587344
0.08487544703587344
0.8254251615006263
-0.6986693192554282
0.5441280114481306
0.7032855423886296
0.40697768941094364
0.8764358721171017
0.5817337440662791
-0.8355134385073113
-0.06334942031706833
-0.06334942031706833
-0.5226217839275137
0.05919510326161131
-0.6789066453336775
-0.5799114963504592
-0.9336844131718581
-0.041672500710948364
0.38892088913153916
2.2541034465571683
-0.03827197404254134
-0.03827197404254134
-1.0021789656416327
0.3087542978732188
-0.5983301848295977
0.4052008713414468
-0.583129031129023
-0.5828251834231213
-0.8420704375300158
2.6760780870090475
0.0006633759341213749
0.0006633759341213749
0.4650336621111827
0.012185129455023078
-0.16672092981128478
-0.1061257457490034
0.023645099336539577
0.6951099355382464
0.47880719972779817
4.02836710864287
-0.0013124003605693942
-0.0013124003605693942
0.6484582567711424
-0.2146588526633107
0.10998941393835177
0.0907596296185025
-0.04534481335292127
0.7143157098534219
-0.4064202303285619
-1.5396383305870733
-0.05075863097917118
-0.05075863097917118
0.4827212998102016
-0.06719111082917809
0.5548274901210157
-0.8642369857743457
-0.31796819384432007
0.8946211980375549
-0.945339935570338
-1.1955229297339958
-0.02422006852568351
-0.02422006852568351
0.21384602207145656
0.9708089830339626
-0.7222266624604473
0.2006762059138509
-0.9329539964333818
-0.43819938584769225
0.8776182302418593
-1.613813634551192
0.02147740126858352
0.02147740126858352
0.9859921574998125
-0.9607472516914429
0.27679760324677793
0.8350006396731207
0.05776836749604714
0.2334027940447396
0.3723171146109213
5.179794463110038
9.068231563258631e-05
9.068231563258631e-05
0.5020623796017502
0.6435233493104757
-0.32277971759373203
0.8232962523266808
0.7876412911033267
-0.8702028046089313
0.09706557437257128
-1.4427951340917935
0.046954124707221746
0.046954124707221746
0.3864222716271503
0.015354233297509404
-0.03228159211150501
0.8519140055938843
0.3759235167658023
0.1920047546718776
0.5299877562939662
-0.25997174694462855
-0.08557007755402513
-0.08557007755402513
-0.26318181451829686
-0.55629469455021
0.1010342060875096
-0.4184975495737059
-0.5511794428773868
-0.08159369717911567
-0.9062663933102558
7.203837047193658
-0.0003009677282185173
-0.0003009677282185173
-0.792210207166113
-0.9503629787960542
-0.2498994826421892
0.6849347194461503
-0.4070046949493244
-0.43997261089358225
0.2835455597051455
-3.4888881787807535
-0.053375591250434826
-0.053375591250434826
-0.35465492755111744
-0.3541081355067229
0.5117608815123772
0.049570937455271635
0.28151490620978453
-0.4634989073101374
-0.24450096401489252
0.0803192456822692
-0.05695124598882858
-0.05695124598882858
-0.10916023385784734
-0.7140089311920147
-0.565219057015566
-0.27017643342824926
0.7689874714046301
-0.7065427163802172
-0.8649969137095862
4.140270920464031
0.0005556831597389891
0.0005556831597389891
0.759411806923154
-0.3065396822836893
-0.8068605822428692
0.9194896390634698
-0.4038318155791685
-0.332915936003123
0.6686556780076263
-2.9124891370410113
0.09591334898023143
0.09591334898023143
0.9921641402805825
-0.7313074215890486
0.775561975548545
0.7956168538299271
0.1791280125170596
-0.2402830134385426
0.38448927558387164
-0.24970229289291998
0.013645797909553241
0.013645797909553241
0.24313283709746872
0.7632147907959538
-0.866282663863365
-0.33402979732743243
0.7935231702813977
0.0990600063502146
0.5710216857320536
-1.291733430252078
-0.0748521742237636
-0.0748521742237636
-0.42481218533189735
-0.5993556989161962
-0.15465285020030545
0.8350682697205976
0.1020541178004723
-0.5592572254205863
-0.9881885852084111
-0.497322985123387
0.006117777156211198
0.006117777156211198
0.2956673833309958
0.38514107785886365
0.31512799952524345
-0.6668614387564499
0.07053298512612602
0.9780418400409697
-0.7054726746736959
0.13935509927738507
-0.1050699794808114
-0.1050699794808114
-0.7179162962995217
0.16326914338215565
-0.8359733358155789
0.24061333396655366
-0.017854795044540104
0.8930255221576804
-0.775711977774396
-3.345634813570523
0.03716370403685122
0.03716370403685122
-0.7513400391577315
0.1501319098989
-0.9607751464363073
0.9372002946587428
-0.3865631038445349
-0.2186620401790856
0.5922841278135456
1.3946283046696701
0.01839781387340311
0.01839781387340311
-0.07692207175703578
-0.43042717189092533
0.7089935226361633
0.025040111332328443
0.0012392995448105698
-0.25664316080343286
0.41579262154528296
1.0519679518840814
-0.0019825306108835795
-0.0019825306108835795
0.2621976676296109
-0.3231002240410113
-0.15958186885926476
0.2976475649813988
-0.9734630021686287
0.9171939638645669
-0.8419151847107181
-5.46478693328451
-0.011119118357882998
-0.011119118357882998
-0.8877602000860719
0.7805125332601842
-0.1413931037828829
-0.4006674676663169
0.945827331050345
-0.2707472689487876
-0.5527132780105927
-0.8856045551999409
0.09854981990219344
0.09854981990219344
0.5019063894176311
0.5716721932213855
-0.9225198799995199
-0.3649870780991885
0.8923510433387233
-0.05103823837317562
0.5291635180366085
-8.943828294327222
-0.02764254781182872
-0.02764254781182872
-0.2785956366913007
-0.6586920552737923
-0.9579734662052498
-0.5753298471553577
-0.5922825653567683
-0.17995529489977502
-0.24625089604592837
0.62903853115084
0.06367021156656467
0.06367021156656467
0.9568465481173768
-0.5671433731187319
-0.8203370220819757
-0.19240375940167484
-0.45473161786347904
0.7256919063048287
-0.15183166680557011
-5.709812196774731
-0.04987138082703317
-0.04987138082703317
0.38961457277745803
0.11683452823400185
-0.7161119055199721
-0.903266667911498
-0.18006580728641727
-0.3578036029114317
0.7520292627080033
-2.3248557417845337
-0.0070470410131690045
-0.0070470410131690045
-0.20826206099719746
0.0030756040201264973
0.07611159437030598
-0.7738015507300083
-0.48093953849003973
-0.18955004943368442
0.977197018733003
1.4547625047334716
-0.02625152398345515
-0.02625152398345515
-0.37581539089544075
0.7755343538020095
-0.28442529592773336
-0.242256709710792
-0.5879937477980965
0.10284305082503455
-0.0026572429004885004
-1.1160942658412756
0.017856647150641516
0.017856647150641516
-0.5245942564665795
0.21990867855072405
0.8722582680573666
0.5076417407508934
-0.15995484090508855
-0.09091104027619963
0.8298618984273047
-0.9823386879369478
0.008211177810040044
0.008211177810040044
-0.7725208599788627
0.13096772991401942
0.4806951007187592
0.9861808146808544
0.9910084522257907
0.22186695179696359
0.3581740865276949
0.7840044343544349
-0.03934214273820223
-0.03934214273820223
-0.31142869473836754
0.45102803291597593
-0.48233815499150984
-0.9632898137514465
-0.9486750572612382
0.17083835225207628
0.5532501554663817
-0.04162463401825958
0.07578275623028993
0.07578275623028993
-0.2234858274636571
-0.3840437687306518
-0.6706726126175719
0.7231602888039691
-0.5315818795566257
0.9839804771732399
0.7185031327639179
-5.444087432332717
0.02474512916052266
0.02474512916052266
0.8054130489765239
-0.4247800962312692
0.20468922827150599
-0.5366124209676578
-0.6225659049043905
-0.0847122340049256
0.5592834566521747
-10.13389280133646
-0.00023514262400969988
-0.00023514262400969988
-0.7377065746196613
-0.33329034059148044
-0.018553672078540348
-0.13068637822619406
-0.7783698828666812
-0.33688445397963007
0.09301773597707808
1.0379314016199772
-0.0346330587525361
-0.0346330587525361
0.06133426655994036
-0.0814201235799397
-0.34963464666311
-0.8589648046765151
-0.3579054596245097
-0.6518691405547907
-0.1133040838655578
0.2157297280195805
0.039065430886553065
0.039065430886553065
0.23809812414848594
0.7247831686192926
-0.8713530510874801
0.9115410846335604
-0.43266100454635265
0.6199847987231522
0.19976918390279486
-4.251448326702073
-0.0378099485325729
-0.0378099485325729
0.7775028976816337
0.24055887110557486
-0.046652662628280696
0.32029491864079374
-0.8202807015311457
0.17122049448458918
-0.646604322344942
-1.6080642900892883
0.014302079290373425
0.014302079290373425
-0.9388108997674828
-0.7659170198456581
-0.4492956184325862
0.6536943049465423
0.727626842704182
0.4472313785777588
-0.8777713305451532
-1.1387485274145277
0.05131142586405716
0.05131142586405716
0.1662374524496566
0.8655750861313768
-0.9011336881217408
-0.9072427084385709
0.28085585239608996
0.9459166543991787
0.7332325127910077
-0.8976120911861236
0.06938006063469394
0.06938006063469394
0.5945787524196369
-0.8814046525035426
-0.05772485753281376
0.26638881541424075
0.17643380486591392
-0.5115955395561863
0.13675080260916245
-8.668505423478553
0.0005929027394785797
0.0005929027394785797
-0.6897221312951228
-0.9493252741386256
0.5031365970045029
0.3923048986716959
-0.56270928388028
-0.6756051943941731
0.8360914328791509
-2.364660071913558
-0.027411577196547483
-0.027411577196547483
-0.024859331300852945
0.14153851512856855
-0.1521020494385596
-0.505686999012588
0.001879064741592901
0.7907791857474163
0.12703238595091987
2.3571214252211683
-0.07226979909114378
-0.07226979909114378
-0.905038178776953
-0.6632946704893457
-0.06313224887638237
-0.12316893790137451
-0.11474270679205727
-0.9674983013550678
-0.6061929566172688
-0.2524112602016745
-0.0014843044758096958
-0.0014843044758096958
-0.415968251599161
0.8663157688093825
-0.5823476671910047
0.6429878061852431
0.599390279924289
0.5730653050315955
-0.7188766499721917
-0.9168087926866804
0.11378509484566204
0.11378509484566204
0.4992413489101254
-0.7605036083021994
-0.26599617382310603
-0.6154923557150633
0.9125896789995674
0.3116073641333472
0.12618977561723
1.4735445477157316
-0.00424743207628632
-0.00424743207628632
0.026112889237814615
0.569266592514284
-0.16651317116367628
0.29436482083689214
-0.05267734902189952
-0.2831706315287795
-0.7365800873986129
-1.3575081493107488
-0.05996237992796006
-0.05996237992796006
0.0896755309694271
-0.8427486293230123
-0.7575567062830819
0.783681412338865
-0.018965085066853033
-0.926414419753517
-0.9841793374942148
2.407774824602828
-0.013803221048168005
-0.013803221048168005
0.054600587364184876
-0.5189057219929284
-0.680483437221132
0.5953377831542687
0.9965416385688141
-0.7736714169579829
-0.324039016721757
-1.7932020333286085
0.055975400459853546
0.055975400459853546
0.6479979806022105
0.3336562826037003
0.7009632364116867
0.3077981257460194
0.567720815775205
0.2194953748673721
-0.25975879516927536
-0.1752859026565508
-0.050007536797772284
-0.050007536797772284
0.6397993328586505
0.17486705065556188
0.15646544697514664
-0.47071232279341085
-0.6930206681134137
0.18452840135310586
-0.42994362694411115
0.6987164104407741
-0.024545206255599774
-0.024545206255599774
-0.7486484983635436
0.5220054842229319
-0.8390094634160365
-0.43412379957819736
0.8373933753584334
-0.2955275469321714
0.6299356615929904
-0.4110854132200175
0.0157023631445379
0.0157023631445379
-0.8170309760418886
0.10254191353816146
-0.23836415491844923
0.28533289240398774
0.03180924927464956
-0.6603440027417782
0.5675165681536773
-1.0158584538400899
0.016983548644221216
0.016983548644221216
0.4562216651557516
0.596170989955111
-0.2931234903430404
0.00848936760969766
-0.6133123861867749
0.06868451653799311
1.0101914053052208
-2.011309460843548
-0.04831564006063693
-0.04831564006063693
0.5101609502971731
0.5504917693632607
0.8971230332800867
0.7683473118060206
0.42503040291525807
-0.0417622051047808
-0.8358236182965924
-2.0145177576505775
-0.014409706634599891
-0.014409706634599891
0.4382892892615804
0.5240523292858775
0.5801629930755113
-0.019419053109594124
0.024213679111716603
-0.1938615721682488
-0.8350847923425899
0.773157874863527
0.0024351099411242753
0.0024351099411242753
-0.367322963946525
-0.375717000670779
-0.2876021754645488
0.014090277839681241
0.3385704785002503
0.9963416199500533
-0.7366651475304229
-0.2661285019273867
0.04653569487043361
0.04653569487043361
-0.8688421362818327
-0.7552255464258456
0.9923448287625295
0.8658818425156128
-0.09024926535857106
-0.7372611536821144
0.8607365505549447
-2.228484452294549
0.12479819004889307
0.12479819004889307
0.4036930229776714
0.01844504708742878
-0.3240209014990156
0.747779588104187
0.28212929894995753
0.5932859151674311
0.8056328229375015
-1.5973100133196863
-0.014954349210084926
-0.014954349210084926
-0.562422621099076
0.02370238121896751
-0.5614815667897276
-0.8664228214055386
-0.04845375852766964
0.5097745448680572
0.6240921863629483
-0.8799600834727471
-0.04821706592395389
-0.04821706592395389
-0.8353815100773093
0.46176117248782056
0.8299723796618982
0.6677595199464048
0.47598524347624777
0.37712856084132157
-0.4026267030425117
-0.04461507535972829
-0.07650138935360366
-0.07650138935360366
0.5699386122968667
0.009902299621458535
0.6133457990600568
0.24960429678302587
-0.8770677342321329
-0.5455956469842477
-0.5864511666436859
-2.472951015600397
0.09604288333165494
0.09604288333165494
0.8049956284003876
-0.65851285018146
0.08128948539625515
0.727629340315687
-0.8826753128341807
-0.21105130103534256
0.9960196628424344
-2.882321454326049
0.05213413495951442
0.05213413495951442
0.45442928807112754
0.3436662547712018
0.8244907609102761
0.2222633097212865
-0.9683903428392566
-0.6919094463759003
0.9033719765788552
0.02325914122166825
-0.04361824795454705
-0.04361824795454705
0.7472234910390247
0.41393485626168697
-0.3162085529576875
0.9206476331972252
0.19748772449844837
-0.9686017577903866
-0.9576044571490584
-0.07482149076233545
0.014968017630719154
0.014968017630719154
0.1819358342014435
-0.957332813147229
0.4457334454077391
0.5544978133897087
-0.9125624562997339
-0.401549051425162
-0.9957632224047964
4.39125164644333
0.0007652983992063861
0.0007652983992063861
0.8146265142834368
0.44187388417196743
-0.5008793598153659
0.6572895808462916
0.29233495517467983
-0.11539057196897477
-0.6577780344357571
2.8710325548522566
0.0020227872419917026
0.0020227872419917026
0.45749075776342973
0.6287191806305198
-0.6403402689969606
0.7854195083678658
0.16586315522319445
-0.16006986195563852
-0.17537883864018836
-0.6419259940356989
-0.0036097710455118997
-0.0036097710455118997
0.21013171506380085
-0.04104136308871205
-0.1349922857227392
-0.40255065637884907
0.16492201843484433
-0.938202683544207
-0.3695379696025193
-0.9503166591471023
0.06973938283161829
0.06973938283161829
0.5213953647528231
-0.5887629676702555
-0.5169575728222274
0.8040651893680991
-0.34084343191110394
0.9250554846462984
0.4500385090525835
0.3004144746643413
-0.014012114183636149
-0.014012114183636149
-0.08326265058984518
0.07360686841178023
-0.9182614990231
0.9973458557458613
0.2830716312581897
-0.444731375886426
0.4833350943661087
-0.1219425384702309
-0.06822544969718071
-0.06822544969718071
0.3494247020425819
-0.7881726162796571
0.8606759168997827
0.5398830250890941
-0.4647092291969813
-0.22258427647895046
-0.3741043136422979
-3.9864428364466824
0.023236928108672016
0.023236928108672016
-0.08764785293701396
-0.2891465782281308
-0.8625598327164675
-0.305401708031908
-0.07104373588783063
-0.6551717576732141
0.6297621672689844
-1.2239014370583463
0.07172503669364708
0.07172503669364708
0.37605873216977437
-0.4785344771416872
0.3670812431803657
-0.7116549971433411
-0.07840929875894355
0.6540043833595326
0.47666537943668824
0.9114854471813778
-0.0139457841761456
-0.0139457841761456
-0.9098189372362432
-0.8288214224360297
0.7486182836996357
0.48562660021570375
0.9243686181594847
-0.43236485907953576
0.11146966186194417
-2.8381684167594665
0.035259666782653805
0.035259666782653805
0.5189102184197543
-0.9179835558387323
0.24972272924193006
0.690980497524855
-0.30790655226928504
-0.15169496874655264
-0.663960518074258
1.97643932259413
-0.0490428221881005
-0.0490428221881005
-0.22623689316087717
0.482402012639844
-0.5615715349089315
-0.47016623239461247
-0.8679813864707454
-0.581210395780083
-0.9309299060835424
-1.8083456335571415
0.020879697883051534
0.020879697883051534
0.9389495383502362
0.1897680473293302
0.7023993803718287
-0.30634702022941496
0.08879602410652665
0.45922317751144737
0.8067578250330756
0.9191316421846188
-0.03537643816110646
-0.03537643816110646
0.31156122785595824
-0.03178356983304866
0.33481980514659504
-0.16294549681789364
-0.23294510172920735
0.8157412124895963
-0.6993281990895872
0.3595150613314121
0.013024533597578354
0.013024533597578354
0.1562143727729223
-0.8707487486954553
0.5000570301502384
-0.34245037695393127
0.8651880971149393
0.26762275696964405
-0.176589881389977
0.41199788540718973
-0.01879282802094403
-0.01879282802094403
-0.6581221359637703
-0.8663856217769129
0.4461430206596108
0.7188021201509471
-0.20078697108360094
-0.269850135015605
-0.18988951202037346
-0.3550831953983907
-0.10309284371720955
-0.10309284371720955
-0.9305045980960908
0.8319701613278685
0.9282276189263353
-0.7963656909363298
-0.955038476480353
0.3751284111771983
-0.017189682935922997
-1.1116853882913738
0.07824276734805913
0.07824276734805913
-0.8273790263936766
-0.8667130833048
0.7174190841967873
-0.3261444543289692
-0.678982513111064
0.38607355553867095
0.44068513614786226
-1.96697040134279
0.03281982960326269
0.03281982960326269
-0.5333076807828854
-0.3204420981112711
0.9872247305490542
0.7261280174835315
0.30694613648482494
-0.10120015802934307
-0.22385471439608803
3.609576921641557
0.00018455372542634996
0.00018455372542634996
0.8217093842407492
0.4475436213046783
0.12984485922245834
-0.4932971492108344
0.3497003699678794
0.9892179102321036
0.661838053425652
-1.106030184558857
-0.0212316635926124
-0.0212316635926124
-0.9636341567152867
-0.17962663778654536
0.747733056726931
-0.02747344770441221
-0.4476243467557682
-0.46861288611756
0.5040218641034011
5.075740408852786
-0.00013156821803752373
-0.00013156821803752373
0.1655189308452085
0.5883079563679855
0.3428986013262942
0.6229017918115338
-0.410794312565984
-0.5477901029518534
0.5360326137767417
2.8431216594452726
0.0005872869018630147
0.0005872869018630147
-0.866954368017199
0.2178358755376238
0.38668654792504165
0.12256293404389199
0.35052808540114727
-0.8918809966216132
0.22050340537854432
-12.99205760838892
0.03945050252453301
0.03945050252453301
0.4531436505201791
-0.41536315032962884
-0.5311077842642236
-0.8339526290350193
-0.3528328776380692
-0.5955522396236633
0.24926649523661418
-2.2652947700915567
0.03479230659084588
0.03479230659084588
-0.44649096190702003
-0.26997614940125986
-0.2503266752769416
0.6902575583203244
-0.7626233294188839
-0.0947552626305964
0.5765060375227594
-1.54056943453533
0.032913178381590094
0.032913178381590094
-0.02749998839061719
0.9257048880067698
-0.9046392563511262
0.37198600005814453
0.6967115648940653
0.8255665079879588
0.49452398576711626
-3.3204529117529566
-0.000870327945128262
-0.000870327945128262
6.787388196246616
-4.656205151634395
-1.3714676337155867
4.259977417975989
-1.5915289326024082
4.174637084004534
-1.051864169821821
4.304656336389968
-0.9388998907290966
-0.3854217115353675
-2.597459565674957
8.304614397895383
10.452039231619294
-0.6832882278050327
-1.7205703017966993
-1.697460274736922
9.08577520489312
-1.9585507630983259
-0.10419125626557996
-5.478042488561084
-0.4027639724905899
-0.21927971668033522
12.20693196599353
-0.7335552047122185
-2.8786177593553246
-0.4510337851629284
-1.680535218333284
-0.7229909820399425
-0.04884908254302219
-2.1671432200943848
-1.2395395788696064
-0.3116814786400124
-1.8649232865994774
-0.20271437670976344
-1.7028603759141032
-0.3440144187230564
-0.27184392727744494
-2.116436409489141
-2.1930720273215396
-5.903678609343911
-2.018021780720939
-2.6409389648721486
-0.27942952473690014
-0.18175467088308975
-1.2850683585860403
-6.2507752364139995
-0.9869053889209017
0.2715292996704805
-2.1696477707316233
-0.04449345956799278
-0.35375853310784505
-0.07154044250036568
-2.248312450672907
-2.9791384309543925
0.10335365423857437
-4.7827864671416815
-0.08197233982822931
-3.4450347929170357
-3.6454600211817354
-1.489405070684226
-2.084815053374935
-0.8939757073041423
-0.910187670759528
-5.133892628669273
-0.7164324664138191
-1.7037088416799568
-2.6973075929692896
-1.1547410527711002
-0.46741147488372775
-3.3084298193725683
-4.2015148528322435
-1.1739016752088889
-0.7179765128968304
-5.817637712381657
-0.8754743280358456
6.156535182454796
2.4263253595882963
-0.45108005372148596
-1.911667094820182
-1.3303316449572486
-2.12955917410429
0.2799378242504882
-0.7491615075218951
-4.9900368964291095
0.28416054947849967
-3.0255277175602635
-3.3148901250788483
-2.270730542981826
-2.041772576581105
-1.8506085615440744
-1.786509798815237
-0.2767216465766934
-0.22440177935315062
6.801475828790787
-0.4117261981119054
9.032055959021678
-5.306153962808616
0.31607682645256
-0.008987561733661512
-2.3067245654857533
2.387501809227346
-0.0024222583224230284
-0.0024222583224230284
0.8641218959692862
-0.4844292021978131
0.24531943152837113
-0.8576425493220723
-0.6790080681988443
0.22582514241282006
-0.10955070985870438
0.8072194923807727
-0.9076454021856506
0.9202760530672891
-0.89416651603116
0.39554498712006636
0.36654341801397233
0.4180388924310285
1.1288234180826768
-0.5430597588063821
-0.04420860978342152
-1.3084962765722403
-0.25205493569694387
0.5138656878474903
0.2914855606661432
-0.09137426065583175
0.5353809270721145
-0.2970530124022563
0.34968425545413345
-0.20797951799401776
0.23944284091242155
-0.5016290136674578
-0.18103020554651958
0.24629599647382613
0.004250996073815051
-0.04313702532563712
0.33773611228592004
-0.18049466172741901
0.9198704586041004
0.8315611421419473
0.7413009538789422
0.47830647072670895
-0.26377075740367967
-1.8591219552130234
0.6375446809273131
-1.010481749558956
0.6764819955922412
-0.953076489909615
0.23287214109994786
-0.252185465136412
0.07490436810693629
-0.47131901847027824
1.4225807578241043
-0.8739733316721439
-1.0183679307292843
0.4045103008535888
-0.22355780744923098
-0.12304420356174228
-0.7008159585837385
-0.05482687164648111
-1.2971321862198635
-0.42524848167130014
-0.4338807094975775
0.222803370953941
0.5360396953508056
-0.47357846274068127
0.9189523251340472
-0.6866852020573141
-0.02637927117243832
-0.08531029717466758
-1.9500821109894158
-1.0127729459995227
1.0150515012961052
-0.8876352315116836
-0.2943751924825967
0.20682756574171052
-0.4042268620979163
-0.7444525649458381
-1.0517743004855427
1.041179508779506
0.9195353890446849
0.7424629668504874
-1.2591912542496873
-0.823209963342748
-1.8928169098488317
-0.35181979693046267
0.9031822154210214
-2.5449256050960787
-0.8188653064324622
0.5737023848227343
-0.19468417391736803
-0.13828793941899964
-1.3408047683362545
-1.7717252582050411
0.23539223636972323
0.2622707610832059
-0.8472259430372342
-0.4675530908288905
0.00941879474749566
0.04023510569175574
-0.49545964770440104
-0.8774870717187652
-0.5247373885256504
0.545713831158912
1.9708720854997135
-0.0020994726696991345
-0.0020994726696991345
0.8814231994858441
-0.38488527044878884
-0.9150320075201598
0.575998314396906
-0.8236297874254275
0.46204838139686816
0.38071415679930726
0.6298816656996313
-0.7631809695580669
0.4651699063815003
-0.31325491210683826
0.1905018688372335
0.09085432817738519
0.2050944147221578
-0.03833352125091965
-0.22742103423267584
-0.5071871072141125
-1.1452265378201716
-0.09539379070624021
0.04302945784743957
0.5401928119381294
-0.3862772504157465
-0.2202978688235849
-0.7183880250516929
0.4002284576735027
-0.40032459938440373
0.08002776420833015
0.19746476588408132
0.4707694773815608
-0.27429870000484846
0.4600412682288579
0.42453284490567317
-1.033959057471824
-0.43440087972844504
-0.4480217994819212
-0.8177211356427736
-0.35639117633180173
0.2263080296619204
0.37081272821714206
-1.3626658985689446
0.36786039438056367
-0.5618650400580116
-0.7245533448864744
0.29414026818433475
0.017142065984502772
-1.4420643112379212
0.18591002152514455
0.1993241232922105
-0.7563261478209529
-0.666652993527231
0.5736474459244395
1.1313526346532383
0.345030562319676
-0.9879080027511266
0.04889077875649905
-0.6516910151109492
0.8485883510229234
-1.0366650831962165
-0.042273373402539706
-0.11575445226583195
-0.5716349466553957
-0.04558303229736827
-0.3778230809947958
-0.9383750940061709
0.25347398146315425
0.5010145042046907
0.399188744255917
-0.7756473453122021
0.38877012128331706
-0.3867692011955421
0.21912004126158094
0.39529693079837874
-0.9585731102610203
-0.8344612987473826
-0.0985355699590334
1.0031936722633257
-0.027783505887038137
-0.6237084499435911
-0.4680003027443517
-1.182182993570672
0.2008623406145071
0.06121472314642166
-0.02074757595456873
-0.9661167872001315
0.8487131649056296
0.14580055809999581
-0.10791595087564236
-0.07060261889681596
-0.7147331522041627
0.3270782495079397
0.520318751451287
-0.0550453830206334
-0.6250897237538484
0.6532189301035276
0.7549331877637154
0.608173820498947
0.6351498853027046
0.16079046066807576
0.7428476679698894
-1.1664907555073805
0.8122571171282764
-0.0034928727211829443
-0.0034928727211829443
-0.8544027176884963
0.5606567808976305
0.4693178551969234
0.1465135324074999
0.08639464879672373
-0.6670179587189984
-0.49679265369689896
0.916034121351017
-0.7997203391800491
0.07194581229446997
0.4517375388437099
-0.7097858083505514
-0.31292116092779554
0.45208958949250505
-0.11525231610985036
0.987191659197725
-0.5708309692181813
0.4151399141911202
-0.28696508854315583
-0.008416983862374407
-0.8517931718023455
0.01136356874045015
-0.2929642446671161
0.533073849164041
0.30687493011128253
0.1306615108538671
0.4339364992708503
0.3675204291309744
0.5575477817800586
-0.5925163799448504
-0.21686387569995524
0.3120035616394014
-1.0752847015437204
-0.3361891354245327
0.7209880964014892
0.3968854681428079
0.136033564584221
0.3651242049824054
0.33787975038734147
-0.6281844232104797
0.18138725551941132
0.1875306523342165
-0.7186235269951808
-0.45110179536131884
0.3377002629726146
-0.3873849311839664
0.42448996926848537
-0.5281356766070202
-0.9114684827850361
-0.30898750526790786
1.022395570296373
0.24252503056883498
-0.509604583007899
-0.7353257160349096
-0.7117515723821703
0.614508149427872
-0.126521705077106
-0.7593810555270201
-0.8015614354703546
-0.017197930828147388
-1.5887834293800218
-0.30223754065369657
-0.21996774298626717
-0.9319040635540203
-0.20271641463133266
-0.5049940304452097
0.4562533722970051
0.618792437620114
0.06870351283328306
0.06643775775584945
0.39045426890621154
-0.022464162276178527
0.455993403377159
-0.8908146956838973
0.1462367649862573
1.1231958470485894
0.7089397116385624
0.7285195160379409
0.6683400889432445
-0.31281213828609117
0.8244868964490101
-0.3101118485724314
-0.20045432303723448
-0.49922491373864364
0.45884126869942443
-0.15377225260228142
0.3877562220013041
0.6660717178584847
-0.7661959389430364
0.23915038628951207
0.1430504494362173
-0.2561002605071796
-0.06725149717306385
-0.5719196869195154
-0.3923246162783972
-0.7241534061878511
-0.07016952286220934
-0.17045080775170918
-0.1592080990910354
-0.7093470266564599
0.6957337535736373
-0.0017581963164646078
-0.0017581963164646078
-0.9187741031449332
-0.1926955266889327
0.8004127405130141
-0.2023862259824243
0.7598421648420712
-0.3256193202195443
0.2173326663926382
0.05160094577387016
-0.10702951574757427
0.7379136753505122
1.5817341024345393
-1.1270365121473815
0.06420836295596742
-0.08778991231408945
-0.2999442188112724
-1.22291472254599
0.7343841769677307
-0.23996082349235223
-0.13887004151554436
0.3837041484296227
-0.3865805381583072
0.5535450440634231
-0.8557516100889472
-0.4288224306763364
-1.38538893501307
-0.43335185269308335
-1.0401799769074083
-0.12031594055529468
0.6462026766943177
0.7657487746285725
0.39878598670340976
-0.39228326142505654
-1.381569777008152
-0.024295872571598074
-0.4327072222136074
0.7952492447887838
1.1802616246299682
-0.48897296461684825
-0.6551780019876777
-1.501928666842718
0.749173519426575
1.3341801443222945
-0.3961638365374216
1.1721676988965808
0.9711765134565284
-1.120547471432699
-0.9720660496657582
1.3375113605069018
-0.31776737870350646
0.20811208359151345
-0.04659242628701056
-0.676353831280516
2.1459351939067814
0.06509524880231615
0.41087573698067403
-0.008228778358412493
0.6352513561333638
-0.08065747662915329
-2.1113439949672856
-1.3262947948053283
0.5600973238971675
0.6671858895002948
-1.0301935567089748
-1.2859962639593991
-1.1187309273865422
0.9516642403578099
1.3701888019714628
-0.9325990593759612
-0.053287758426251886
-0.6904099507050887
-1.1320289990378463
-0.808836743681629
-0.8334545089054561
-1.6360835210559788
1.0852204418918003
-0.3833847209299789
0.2777577385452452
-0.7189156737458771
0.21561837293733052
0.48043922379853793
0.04315578151155766
0.40440836417526205
-0.3992596011499975
1.3586285263594826
-0.6498448133683997
-0.06364497040822646
-1.3489523323560422
-0.2747222888456549
-0.7391081896893572
1.2099663798209728
-0.019463151242498384
1.108988210474598
-1.0359219751065079
0.14370302330636234
0.49763342189866283
0.6511833730731703
0.15104086272060158
0.3354796564820197
0.9597392302887133
-0.1994406779233192
-0.881473370047487
-0.002751080365726683
-0.002751080365726683
-0.3930114233890997
0.16478588165148927
0.5023005778505655
0.8655089521176128
0.1690142816918603
0.5368765176511079
-2.0439709001013284
-0.32058415221010794
-0.6077625115621154
-0.501692936975629
0.39429296055447616
-0.6720003647253711
-1.2105158537486176
-0.6037113506909932
-0.007080475525507496
1.0059934191571673
-0.7973679302289245
-0.036055562318981035
-0.67800244931132
0.6341447452065475
0.06374169435846938
-0.8551396248585459
-0.04569310691728646
0.1395704321533988
-1.1976211816541449
0.9043303003599329
0.05302344750729103
-0.3211355797818742
-0.7427507732849564
0.9267974604938841
0.313696929425043
-0.9946895690331022
-0.808409432954271
-0.5689117643340184
-0.9719612074310483
-0.33655997505999
-0.8316414715056115
-0.39316512066583187
0.8521416336976996
0.7407670376301516
-0.7454897176470388
0.7721477363733831
0.5496183225800073
-0.12232063879234849
-0.2635457644562656
0.871781759746288
-0.05419709073639257
0.41868644497342006
-1.3118868896396665
0.4370370426910612
-0.8704009566147897
-0.8912625197751362
-0.9853376190846148
0.5445622355490781
-0.9608350762660429
1.2405107546491037
0.7829317701946433
-0.718844298409293
0.6776540062221347
0.4437537190344837
-1.2748424067312885
0.795716278893837
-0.535897120896721
1.594647645098075
0.4599388200291525
-0.4589252502692353
1.9123497542184775
-0.27489231249090984
-0.5491509834167522
0.2631886722679256
1.2765847419781768
1.309207457577933
1.111620389747451
1.2970058285435606
0.7414233296197357
-0.38118541429495983
-0.8446025139553811
-0.06405203722460125
-0.14114399918450854
-0.216697645283812
0.7748527075142998
-0.8083096388948383
-1.4603815813746197
-0.688831442370277
-0.2530970560431594
0.27039056735786815
0.38179951181877775
-0.41315983220976527
-0.8045030553405419
1.221374466023878
0.5366864541624865
-0.26255345660776414
0.2890961195505795
-1.430873463655516
0.3915006944424855
-0.7725667265267937
0.868210451367243
-0.9124518717100776
-0.48333191012423726
-1.2393875095159486
-0.21751705242468253
-0.0022175748695618153
-0.0022175748695618153
0.19686635848077125
-0.09889092146428376
0.14859983815638675
-1.0698006125163007
0.532552467658115
-0.1230203956000826
-0.6873029091348722
0.5291713891396513
-0.18259090863983996
0.9964785065523856
0.009704815119669998
0.2409540724544973
-0.9091700445019429
-0.07018957903999366
0.640965120771581
-0.3186700198676837
-0.1757204983325862
-0.1237383698109446
-0.7429038307748258
0.008182574534478935
-0.08045757574760731
-0.4805775525724937
-0.6788101877845932
-0.9833927400902162
0.19958011377444568
0.14442220591384072
0.19337250621130062
0.3711834920043752
-0.5852722776826097
-1.3490266719597286
1.0414761190711672
-0.6369603932672743
-0.09637507891305432
-0.6715556802253665
0.8616255232141742
0.0988708225677446
-0.14668095285398608
0.8056204957410236
-0.8518067657260425
-1.2860025479688137
1.8583528383568921
-0.37328155595617724
-0.8698363918248995
-0.6449562099109841
0.8278436791972137
1.002618180104663
0.3163521853604995
-0.7083785787019227
0.12388489294930326
-0.6104468105435892
-0.797592459801158
0.3852690850027363
-0.379994501272345
0.6872995393247041
-0.9163665358204054
0.24108168532845742
-0.38140678405366063
-0.1857157109964885
-0.5087743962332305
1.3737580174932738
0.6436436217400383
-0.7880749848348214
0.7986639579992372
-0.49631991913111695
0.45815346491681114
-0.02591321805409845
-1.4020738642710593
-0.9546141186421999
-0.6092324183736457
-0.5631466243529357
0.7367647473289246
-0.11501219414561037
0.5407103658684093
1.10886723763751
-0.2864919376254858
-0.06545263804129464
1.1056758915770362
0.3762422487568771
-0.296003150875709
0.6148491829601738
-0.39922971155742715
0.2954576140675892
-0.752680054945212
-2.5780647565599293
-0.03614135589247276
1.071971074299957
0.6791924160231431
-0.7623508275070294
-1.9316563284830774
-0.9723912274656145
0.8427915003132548
-0.6776642636863199
-0.598354819969404
-0.5532067814279661
-0.5723338819014018
0.7580382484213137
-0.8823043948569117
-0.5079220280933282
0.4113161850781976
-0.29097128262428495
-0.5344812711173847
-0.0025462436018095515
-0.0025462436018095515
0.0812408084920422
0.7112188509187405
-0.13544131255591188
-0.845903848735204
0.3953583534304555
0.1296331282990299
-0.8586111027545797
-0.972964515221408
-0.7830623984797116
0.9192239542235913
-0.21366416215917425
-0.29628762494530353
0.3195545114276102
0.5915434795048907
0.819192197510002
-0.22000472725031783
0.7231915247842444
0.6671447532773053
0.15829061554816726
0.42989655886345635
-0.43646622580459055
-0.7667568080693669
-0.5929365844620443
0.3235151618313862
-0.39888391391408196
0.9079719479129984
-0.15896361332216333
-0.3560826430935707
-0.7361227964014146
0.39988843135940555
0.3394625867424732
0.24645454657887916
-0.42730537225458887
0.6979627835194788
0.10450746086056413
-0.966015420623157
0.06136969998261307
0.48242223214030716
-1.051126763761654
-1.3535372191479598
-0.16054324641516265
0.23188704541842647
-0.1063984226030776
0.14119811050438366
0.6888326334840604
1.050639783449917
0.7803276430374123
-0.4075880241008585
-0.6623718967573327
0.24435718068375661
-0.800443239610207
-1.0763245971278768
0.46287632880174634
-1.2994299502276372
-0.18736604091629863
0.04505572107904905
-0.36114757365932465
0.15903857776265284
0.5220730388518416
0.4368679633598614
-0.5524978600597679
-0.6508014468588708
0.03055465061067369
0.48078720825413424
-0.7811266262141888
-0.5760167912006456
0.6996089319076976
-1.0170334256331446
-0.7561729995106242
-1.0094884831406783
1.9010815502933716
0.20827038847794344
0.993149860735294
0.16978099584122602
1.3494785801582112
-0.8358411618872794
-0.2955699657189644
0.08808753090455364
0.12017722386335634
-0.09498419186393292
1.4810937875471684
-0.3881042496834195
-1.0002662059240246
-1.4211668344319028
0.3466609696727947
-0.07494397418132692
-0.007140068031925471
0.7829861671518444
-0.27502916843985015
0.2620940531132366
-0.6441667831949177
-0.891024729405966
0.13546855716765113
-0.20671648156733208
0.7661499930207097
-0.2517222971455498
-0.5601730317733927
-0.4337190115662283
0.8665611724661978
-0.1369628842913618
0.2608026352724844
-0.006334325839202917
-0.006334325839202917
0.5883620823211351
0.3777332909301306
-0.14993837849398375
0.5323799105248518
-0.07886722290242311
-1.1748278464590904
-0.635668142669348
0.20111973683507098
0.21360804643017997
0.4511036865626863
0.38673293760576155
-0.8733123211775966
0.005002577512610088
-0.08998888639622492
-1.357131931712234
0.14483023207708942
-0.26844934276181004
0.726583258582786
0.5208039268693285
-0.24389456236986595
0.2917921437918142
-0.21411792632348564
-0.8606058799436961
-0.6247444704191693
0.21573340663205148
0.11620135689052695
0.031306147589733484
-0.004170372296754159
0.8201730584895526
-0.4012980600398897
0.23093826146890103
0.2575433798914375
-0.28532619679658666
-0.6741081974506006
-0.6899940221306192
-0.4571330127898029
-0.32124038478941425
-1.2069368042998638
0.6702073002699871
1.265262204283393
-0.6283194517835536
-0.9286954728666275
-0.012709872784917276
0.3629125842065915
-0.3094739958713829
-0.7205934348138043
-0.2051073985224123
1.2144236316440793
-0.52219227052652
0.573610057495499
0.6206606454980966
-0.36112112056268547
1.2191821709427602
0.4481048814276738
-0.2867010004845534
-0.6641980503050691
0.5985779938869414
1.124412729946929
-0.3046576531679603
-0.6777663101675259
0.39653778422312175
1.3095964161874831
-0.4762807165010281
0.4418405871474448
0.3618851244360759
0.3786956177489953
0.38924278015676667
-0.49136660816321154
0.48588208365161706
0.6925927114596049
-0.7208674348052064
-0.906573211146842
-0.05939904746068373
-0.20783610185547666
0.6667514542623251
-0.33027251319906603
-0.3929661625771406
-0.36980080498998696
0.3619735361495907
0.10738657067519085
0.7766865090826097
-0.32157734021739237
-0.41688036804468076
1.1984547612533105
0.35657585375467693
-0.9100504347616162
-1.4481548664998314
-1.2806169640602132
0.2701282879458477
1.3561636440805005
-0.1487365174470312
-0.6753205956758006
0.8562499540176869
-0.5300825681747943
0.515812152410373
-0.31854241557685387
0.903999865619316
-0.24151842580911748
-0.6829718405727717
-0.3130703645625961
-0.33643945918691026
-0.0037742204528722
-0.0037742204528722
-0.5871879156519701
0.8358118671535956
-0.4263688396659866
-0.6110114054167838
-0.3685360618567877
-0.7218692423767932
-0.07375793958641828
0.6416123822987461
-0.12691331630639224
0.16830319348903186
0.08366343546002472
0.6644897451416802
0.7716001093632856
-1.0265695127536334
-0.0010795102291292207
-0.6644120348203314
-0.9007789792709862
-0.8907989463628494
-0.10661307853675187
-0.27634134272835414
-0.5425581012892758
0.8123444103540631
-0.35537587655457686
-0.9067295515634808
-0.3532323471746633
-0.058095111298122976
-0.7205324839475873
1.0099128666268742
-0.5631152947365268
-0.48586389844981087
-0.6868955145623424
-0.2005808200605811
-0.5695215585176107
-0.40314702211454084
0.45925408852253097
-0.25296090583685643
-0.1559703240619407
0.9480682103829138
-0.9491879964622467
-0.4385808462744825
0.7093644867153058
0.7721147273012313
-0.7297696944091917
-0.20998015381602333
0.10596762082191397
-0.4633756950260557
0.06869087416717128
0.8795439977996233
0.10716571867527117
0.7872606686921141
0.9593451098178347
0.5298539141864571
0.6720539107902701
-0.005596954934643022
-0.04665119385777707
0.7246541886168876
-0.23995900070129597
0.8846550394431204
-0.8151260983457052
-0.8359340033996219
1.1508993422254463
0.006235200003943548
0.40454067197125576
-0.7829865407831667
-0.9743671133220535
0.1952952655405359
0.39383009595746804
-1.025354273614157
-0.16300623979792236
0.06955241088753619
-0.9545879472980285
-0.5718952583012289
0.33847965351642345
0.2321488951015724
0.4915860133683692
-0.9521966038573193
0.6575562544463154
0.9267613500260057
-0.6588577069887058
0.22100063955001661
0.051793534275161104
0.583970856156553
-0.9628923351718518
0.52316926277866
0.5344704520466621
1.3318066218630695
-0.5496668298219336
-0.5016824471945784
0.46155005329556786
-0.0254059328796336
-0.3471574853264068
-0.7570209118844635
-0.5185466560194782
-1.070103444957328
0.7921787994468686
0.2710756304606277
-0.2602351542754778
-0.2759341094684645
-0.0888805508829211
0.05763602474681572
-0.10979583492652549
-0.004799597716886444
-0.004799597716886444
0.40435712499920046
0.6968159580048726
-0.11846366788678876
-0.2881943719666587
0.5083776254449539
0.12603854181350163
0.3899224750294176
-0.5980352522327583
0.12180908592882803
0.7887835820149665
-0.17699332421403502
0.9623127087978037
0.9982430316481459
-0.3753920705710989
0.08819746351152967
-0.43468269116055364
0.0011561765127250379
-0.23367450919613136
0.32292445932301084
-0.952673706327454
0.36294954845996497
-0.496691138581609
0.2847362579599749
0.15509499339173513
-0.01685187122514901
0.17938645277042967
-0.45854422039982057
-0.1465364681535177
-0.462851982999531
-0.3430321160117632
-0.39238320625703194
-0.3095134455626719
0.6592071710462745
0.4452546951069199
0.007632663042907975
0.11712431195396371
0.039243333438198406
0.013100977327034509
-1.0408264680771058
0.12074651241005441
-0.2545507611662116
-1.078958596762148
0.7889391727971317
-0.0986433849284633
0.9942121662207709
-0.5370903493841453
-0.5311560416085802
0.02063160077534458
-0.849188512846287
0.380212172608132
0.4643464495303105
0.4963860220867706
0.9597747661761763
-0.9141021666241395
1.2082262777193613
-0.30543740490688603
-0.3900978750912455
0.7088326784823253
-0.3974785786608826
0.670159685989469
-0.6014026440032305
-0.7377939362103115
-0.6461356416467343
-0.47717696922204184
0.0006794317333821091
-0.6208688085254429
0.9517016099044596
0.43750723080374304
0.6546915637224048
-0.8117921269441943
-0.07864869930288268
0.005718707018073358
-0.19005492691135017
-0.0535622226946741
0.2307884265741082
-0.49049185941506407
-0.04328229121559818
1.1122179283311424
-0.13360405967738886
0.03399050318710514
0.033909133491134995
0.19774135545239876
-0.6064610423313838
0.3650326015686232
0.9725997635211598
0.19513789434243126
-0.26742568925934684
-0.07919784706753857
0.5612049118227072
0.383028006098932
-0.8902227297691828
0.5404885188992351
-0.1406475149973051
-0.7144206242032489
-0.028697706354893788
-0.14567225252851407
-0.7097592572766896
0.5304558103647284
-0.21363914263952452
-0.8203098975607706
-1.3564434583552392
-0.004895972734792259
-0.004895972734792259
-0.7992603202694473
1.7317771323400322
0.14692425087492955
-0.9056058628092034
0.19287917492252218
0.3631321419502885
0.29953518120478634
0.007634261489495559
0.4155810896391228
0.8226136239445236
0.24892973976334448
-0.8951537996283956
0.3838388865261925
-0.23698473033595957
0.36574602108192517
-0.3731250069349432
-0.716062824760051
0.020183898965293958
-0.37297475902930743
-0.18488609819455387
-0.7213658263873697
0.697076532169291
-1.1391122367498205
-0.8134380427153804
0.5678199943730189
-0.22154491435058982
0.07878489982015137
-0.40932216414049305
-1.0383852205482926
-0.24505073338043826
0.3799722117017904
-0.896920529989487
-0.07933489432628972
0.041904234489592816
-1.2351786381058258
-0.7447932847299602
0.4186171726684502
-0.24926560512286886
-0.02773625950480552
0.41080567369663507
-0.023353725939772436
-0.659662371014806
-0.5571829708512789
-0.8651954632687373
0.8463247125353626
0.011339890463174017
-0.18456998855797885
0.11673938561821764
-0.6018117589683643
-0.44109917742945876
-1.0328590768546093
0.4192049725770829
0.6019970264842528
-0.5089352133649057
-0.8129235308212244
0.9078095650893149
0.5497955622935742
0.559984930379796
-0.6802359686532642
0.8141258447846967
-0.6112841890284252
-0.9408234876753764
-0.3074176380395307
1.2100206970596523
-0.16028872095778457
-1.056910401376618
-0.7295331979834112
-0.007941636161976578
-0.7406276550663878
0.5192912527435942
0.0525396802924075
-0.36212908637263885
0.42152758473617497
1.556924200787732
-0.3257627377799059
0.6549935766285874
0.6931061782235279
0.7712028386691379
-1.0635106100042702
0.5314616757117115
0.24116475449352395
-0.4276731175120098
-0.9193312112667419
-0.5166397911550802
0.5233706157635538
0.5079639549862824
0.7292916959842953
0.0726362250708451
-0.2137894871143038
-0.39732587212458254
-1.0937477362222785
-0.29166563476259383
-0.6505600003347111
0.04781176418040498
-1.0881513967733762
-0.07345823462081849
-0.12723641097801272
0.8231037200579938
0.5132456856595881
0.051147704433103236
-0.640129222192554
-0.0067645550981202856
-0.0067645550981202856
-0.9364992125522348
0.8983557593794077
-0.6323897063039422
-0.6070566047348027
-0.9781987487361226
0.6146605117235421
-1.309261645351461
-0.043181143428466
-0.23947008179711174
-0.05428907049218786
-0.10849238931800805
-0.12460035497171494
-0.2741713082036878
0.2734094862011014
-0.6901860156930697
-0.03948877692830185
-0.9002117677061049
0.6995714713031373
0.5503069916464234
0.36209469739088507
-0.5062005742996383
-0.5707604172371181
-0.14185360155276494
0.818623318581932
-0.7641358788891673
-0.5018524992261402
0.5675224960065167
-0.9297002056406786
0.056913690343972416
-0.500047154627778
-1.1198241842836327
-0.6723404148664727
0.3959712601665456
-0.8731302053674255
-0.8073062266912562
0.2092251988111764
-0.9799405264851034
0.38317670690250166
1.0223470144843045
1.3644971517762967
-0.2528580842597581
-1.915221184445903
-0.5275557399682589
-0.8959188122854973
-0.3346501922504213
0.11408504025446219
-0.8309788701845585
-1.046334118971035
-0.9045972933268833
-0.44575417851827565
-0.4397201464928251
0.4620843227607948
-0.2288819018354265
-0.44776644790395104
-0.3524680599746363
1.2481518720052798
0.0030823752435940937
-0.2470524941385838
1.380949912200187
-0.7511144154180982
0.12869963551154315
0.050084674067473293
-0.03702534437584909
2.2121141084736835
1.589718007659527
-1.0469879823044768
0.024027572452575793
-1.1190742406629495
-1.0483548670959937
0.5095498429542059
-0.016610349942627903
0.33505819323463926
-0.0334858296211774
1.372077600240954
0.7555570704609973
-0.5944566925459986
0.5681176177918579
0.23534152656933732
-1.7771762179065098
-0.4045561466223277
1.2768582528701187
-0.647295258254894
-0.25226263848626007
1.149778922129384
0.11999807766619085
-0.7261465662757666
0.09331625172973777
-0.15059417307660086
1.1052430490625107
-0.6561897906738842
0.6377140869768813
-1.5427305671536613
0.29330685892437147
-0.2780200350925333
-0.36383790722230014
0.4581493676085645
0.4464364619818058
0.017010404492488574
-0.778589828107028
0.18387868128320517
-0.48041765059639124
-0.007467555971464295
-0.007467555971464295
-0.5010585516807958
0.713510048655035
0.035107938873737456
-0.6244392995457131
-0.26843249469878483
-0.5113940172960773
-1.150501409058516
-0.5012064404900763
-0.6868223472082603
0.392096308119147
1.2356583431276909
-0.2634461921232605
-0.2301933902477869
0.790177894136861
-0.30106770431449303
-0.07985880170795384
-0.3490808249846069
0.7087457325169033
-0.3009168760798347
-0.46035932119540374
0.8588689695461962
0.04483132417305973
0.21602549194966808
0.5085443353758127
-0.9427298145697006
0.23778634123634948
0.25445864014468095
0.75603414547832
0.1085042362996547
0.6520873304326072
-0.29467063326995613
0.15568882492650332
-1.0969945229247733
-0.861968980653658
-0.24659163982044818
0.2574762046091711
-0.23877697686308938
-0.02318431986820472
0.046216655157256946
1.3629371780014423
0.18238135105614858
-0.39523988626975237
-0.32928426898741514
-0.012141886783373884
0.5919062056647404
0.13572767387899207
-0.26021853734435646
1.3699245971533944
-1.0852417647901844
-0.5689331389807942
-0.3971259632216009
-0.5099980878292201
0.6719551914029182
1.07257590396354
0.4106462531001283
-0.5102628936433875
0.6849740509208921
0.3064079499203433
0.29313151072503774
0.46010723270290427
-0.42677828438687543
-0.10248017075082319
0.3290593240198344
-0.23198862520299202
0.648405243099514
0.8971899311720198
1.1056124111862369
-0.1828075170376242
0.17129997588596257
1.3680244134431967
-0.13349411247432172
-0.8257950434980532
-0.5620259769463711
0.20959175031336383
0.17101411426416452
-0.47472155697062285
-1.1347772047684863
-0.811318991766315
0.06429950471141835
-0.2567441029924844
0.2819004546740096
-0.6701865675578321
0.18930974677865095
0.9394677185651686
0.8891672150657685
-0.78801012762223
-1.0981701405186854
-0.42941325800836855
0.505648571457071
-0.24097292442374063
-0.7087024718984842
0.053668291918190995
-0.24372528350179196
-0.6884925778504811
0.33336592123859304
-0.786669697135569
0.8265688601235123
0.3025036473790543
-0.2010394658481348
0.8430934626596691
-1.8927326172542152
-0.018491368171586958
-0.018491368171586958
0.6260749971033464
1.3928897239116154
0.020784890158895827
-0.8773175154390945
0.2974535929564473
-0.9104210527931084
-0.005632771805797365
0.5020689738889287
0.595753210277134
-1.199505940547034
-0.4809819469125643
-0.26224246495246567
-0.17719357405802022
-0.11905980763090478
0.16656688900809735
0.43780463423515203
-0.27925209492087494
0.225324181437859
-0.5207226858774145
-0.009431946642417487
-0.28520141212871714
0.26857381227405486
-1.3764110058793675
-0.8826036692517351
0.8594797493486416
0.3401529120121491
1.1581225843326557
1.103513315117184
0.40602150324533104
-1.0637333523162744
0.04254956499146803
-0.36645502863043233
0.32843764346787524
0.0738955200957786
0.41287499313590087
-0.0051195711165299565
-1.1047701045299767
0.1796443619217923
0.2965170016088289
1.3252286045792068
-0.7056902326497629
-0.16768014966484288
0.09577231829690244
0.33070201632832164
-0.8629517680511382
1.5357083486454013
-0.48741742961277373
-0.6777754640064987
0.5974531231229555
-0.2810713623852871
-0.7210639625692449
0.14368473353665728
-0.4561622858253721
0.6935072026566115
0.8207994223559649
-0.1702035847659593
-1.1529719256742565
0.4775341754117011
0.5936172886154434
-0.7610416658809567
-0.43027667790635893
-1.2340163223758243
-0.9020232927326782
1.4914528904301556
0.3817911046513025
1.2311142563429114
-1.4839434024903324
1.0192647508861394
-1.1210461811867376
0.8542502539321888
-0.25410503556256925
-0.7950667218611962
-1.5488770961977711
0.04185903858256453
-1.508810369942747
-0.0031268558740578387
-0.4532238913247111
-1.3011522897012704
-0.35569443967201947
-0.42368631851704025
-1.1470469507443444
0.5480281951333873
-0.1449447546313089
0.2606816184426361
-1.1048886882595292
0.2044463183532401
1.0638470393105532
1.0335828188624778
-0.12665503903506586
-0.5316086776083634
0.29732482967183166
-0.7278534409359634
-0.2937818684613555
-1.0643229736224007
-0.5290285435761128
-0.5932311050995049
-0.06562127462000626
-1.1034360283818752
-0.17016172630214005
1.0848466012792184
-1.4017329938907697
-0.028662714173510184
-0.028662714173510184
0.30804203986983225
-0.6828730521574852
-1.303681894840852
0.32371462412339963
0.23433777639110281
0.16156794403705277
0.10240419727113931
0.4683367851514511
1.3303310698799173
-1.0116233895641162
-0.6128768749613408
-0.8988116142072852
0.245774471944621
-0.8835326964022449
-1.390793959094974
-0.5290020918625992
-1.0180933839912416
0.4664927915436612
0.16479509948240342
0.2172652217842115
-0.88758434496758
-0.5040707472519345
-0.6787228984974323
-1.223324058795308
0.7353498762135963
-0.7550389289558231
-0.6876442062054035
1.4361159886549943
0.6712994978935514
0.12832243258900022
0.41698936181118323
0.45861115313465756
-0.5744342203267568
-0.3821616360414057
0.19894482356810045
-0.6018947184113091
0.4463028576328119
-0.2009376882931514
0.6731287388648809
2.221845454803078
-1.2471324599080877
0.31498056975060756
-0.6730186388267224
-1.0311767695886842
-1.4153053633721082
-0.2876421515690897
-1.2927773432709926
-0.21101093765203083
0.9230466356756573
-0.5272143599995053
-0.9908107521988637
0.18038114026865798
-0.4811618795066653
0.6989471334694056
-0.01068542092861023
-0.9047715514583634
0.42463626791272646
0.6784605813042509
0.620838058300396
-0.27272694206214254
0.5888734127796644
-0.5127421709918364
0.09899409993406948
-0.2887800892434061
-1.319446479061009
0.05807795112067629
0.4552906761922517
-0.03605247841772511
0.8071002621624448
1.2871366692842658
-0.8193764489289413
-1.2869201389471296
-0.8139347925866988
-0.877852496476389
-1.271228905138137
-1.4591492925541854
0.1460063149110096
-0.4825255300674674
1.1590940276080117
0.051655553611541255
-0.16381930527955807
0.24153624199894025
0.2017215068876709
1.9721433442011258
-0.7062025336800444
-1.3486678064313142
0.6661503024458528
0.8722991206048881
1.4950220520987791
0.09450141621090137
-0.5469243991439868
0.4175818788437676
0.632481545218476
-0.5059725418169044
0.2795571285034738
-0.9583049174887168
0.2132880554742035
-0.8545805531752472
0.10863986440173222
1.369425247107004
-0.9639544319937069
0.06877862764117519
0.06877862764117519
-0.367246085894415
-0.7069359402137958
0.16034848917856542
-0.7299695315845341
0.05230194275121289
-0.18808157899843453
1.7647268475185915
0.6530342530703467
2.0348067205212845
-1.357383563041038
-0.9901728612983403
-0.2827507974166115
-0.8964327651544619
-1.1239195213237678
-1.0504158732651088
0.18848400834837017
-0.2647085994593125
1.3075398741815105
-1.3458023550215876
-0.7507574156439735
-1.2551102199864788
-1.0806090548293117
-0.30521012988709706
0.6495645586093343
0.6670303206576803
-1.2903402157192112
0.15551821510403258
-0.8632914207668889
0.8612225820413565
0.5536146355341531
0.040230753016038734
-0.22872356937932772
1.4163233555822137
-0.8289440734268876
1.3938162218816808
-1.0344205244698166
-0.32803838492386667
-0.8579285274812121
0.686634080299358
1.5869210807738585
-1.3888662401588512
1.3082356523841026
-0.06718818803341615
-0.5205336949235432
-1.1845565203056014
1.4903389113722119
-1.364828587492719
0.13392652188763893
0.9704967968825623
0.7147114205944313
-0.6781022552330848
-0.25824989024672834
-1.3971431510207133
0.350710744321419
1.9284503750571484
-0.4743710410692903
-0.8819241055608328
-0.36855859133084573
1.397339358091669
-1.1921880266621854
-0.5796420937367804
-0.34798623472910944
0.041070411318489056
-0.4613639995114592
-0.5031345890677164
0.2861812038705132
0.8493651858110534
2.0141112507232783
-0.2649224839800069
-0.11048693546769782
-1.8276034221550668
0.5140711885359766
0.024873888128553373
-1.1186083038057966
-0.480703598706246
0.33724243008298
0.6237715956305376
-0.4862173373853303
1.401539825318048
-0.5153657292655451
-1.3850507610406282
0.3853471996222539
0.8752110683714059
0.5031825455436824
0.20639789787126783
-1.4939575046100873
0.7530139354523371
-0.8645827396689929
0.9071285170756034
-0.4019208819418547
-1.9612764505993252
0.8503598045129348
0.591740104055872
-0.33904869126901666
-0.2908019057660286
-0.9112997954794827
0.19660121759502758
-0.07807096960530809
0.4091482707159434
1.4020633081387135
2.650088065966138e-05
2.1962201162343467e-05
2.1962201162343467e-05
2.1962201162343467e-05
2.1962201162343467e-05
2.1962201162343467e-05
2.1962201162343467e-05
0.005957865360872367
0.004096153187601582
0.0038955016161826253
0.005871097615923758
0.004771600171580932
0.005774181665101901
0.0021301180175978137
0.005948106762738622
0.002645448786778202
0.00047197656266154874
0.003182836413207384
0.005832972993129344
0.005923122546379645
0.0010016193467179708
0.0015805782454503278
0.002632112810511612
0.00596465301747037
0.0032579598992427228
0.0006653701436630173
0.005956194244303459
0.0001201159836638093
0.0010092259131336064
0.005914749566173228
0.0012165013153881325
0.003933550582777289
0.0004429858792187333
0.0029982360505482926
0.002129322074480002
0.00011449910603004915
0.00499948979584963
0.0037461821390971884
1.554881707569972e-05
0.002828825932394647
6.773841726212975e-08
0.0035075088640693507
1.1742439541994992e-05
0.0003545602395992073
0.004365808275640088
0.002902079933030582
0.0038131688163951173
0.0025599277424887827
0.003401835198793267
2.6279549289483805e-05
-2.137660218270001e-20
0.002175761253325821
0.004569492745199499
9.697195021039502e-05
0.00041463461506238876
0.002481853716599248
0.0015211938433018616
4.1828283564655255e-07
0.0006652284833867888
0.0028379965562410426
0.0035208070976506267
0.0018342474547340792
0.004631582972637554
0.00024891307140932124
0.005247061181423348
0.0029847579939272046
0.0024864996848080177
0.003557882888453394
0.001546309716220768
0.002826177290560857
0.0025344240093314267
0.0010239032252221843
0.0036144125949556715
0.0026134497587864004
0.002207257931496708
0.0005557204654183024
0.0032033743744779774
0.0025706503355795228
0.0008079053255176398
0.0006454158875494319
0.0032850358635888445
0.001075355694791197
0.005940266817687378
0.00582668475456549
0.0009536111005620415
0.002880688488928561
0.0038228768089094696
0.0028783868769172954
3.39105738261712e-05
0.0018269531358575532
0.004202146495387266
0.00023305267795468307
0.00268073003553104
0.003449760293514643
0.004625966800733141
0.003921297452175945
0.0024338519094527222
0.0018793610396717112
0.0006437836871723603
0.0010985584923706333
0.005955571578535964
0.0008434606992293045
0.005959751603679359
0.005475954421813081
3.586409320412096e-18
0.00035805294846702197
0.003110181206994852
0.005957865360872367
0.004096153187601582
0.0038955016161826253
0.005871097615923758
0.004771600171580932
0.005774181665101901
0.0021301180175978137
0.005948106762738622
0.002645448786778202
0.00047197656266154874
0.003182836413207384
0.005832972993129344
0.005923122546379645
0.0010016193467179708
0.0015805782454503278
0.002632112810511612
0.00596465301747037
0.0032579598992427228
0.0006653701436630173
0.005956194244303459
0.0001201159836638093
0.0010092259131336064
0.005914749566173228
0.0012165013153881325
0.003933550582777289
0.0004429858792187333
0.0029982360505482926
0.002129322074480002
0.00011449910603004915
0.00499948979584963
0.0037461821390971884
1.554881707569972e-05
0.002828825932394647
6.773841726212975e-08
0.0035075088640693507
1.1742439541994992e-05
0.0003545602395992073
0.004365808275640088
0.002902079933030582
0.0038131688163951173
0.0025599277424887827
0.003401835198793267
2.6279549289483805e-05
-2.137660218270001e-20
0.002175761253325821
0.004569492745199499
9.697195021039502e-05
0.00041463461506238876
0.002481853716599248
0.0015211938433018616
4.1828283564655255e-07
0.0006652284833867888
0.0028379965562410426
0.0035208070976506267
0.0018342474547340792
0.004631582972637554
0.00024891307140932124
0.005247061181423348
0.0029847579939272046
0.0024864996848080177
0.003557882888453394
0.001546309716220768
0.002826177290560857
0.0025344240093314267
0.0010239032252221843
0.0036144125949556715
0.0026134497587864004
0.002207257931496708
0.0005557204654183024
0.0032033743744779774
0.0025706503355795228
0.0008079053255176398
0.0006454158875494319
0.0032850358635888445
0.001075355694791197
0.005940266817687378
0.00582668475456549
0.0009536111005620415
0.002880688488928561
0.0038228768089094696
0.0028783868769172954
3.39105738261712e-05
0.0018269531358575532
0.004202146495387266
0.00023305267795468307
0.00268073003553104
0.003449760293514643
0.004625966800733141
0.003921297452175945
0.0024338519094527222
0.0018793610396717112
0.0006437836871723603
0.0010985584923706333
0.005955571578535964
0.0008434606992293045
0.005959751603679359
0.005475954421813081
3.586409320412096e-18
0.00035805294846702197
0.003110181206994852
-0.007912072228438745
-0.022020530203845715
-0.01908611517908304
-0.0317533883743904
-0.01598360287695098
-0.025009821506606206
-0.020159771541471045
-0.023147669107359558
-0.057584780356390156
-0.034311095026110905
-0.04363270651714949
-0.04450884304356599
-0.06149595543745714
-0.06788687246785723
-0.1681033470144269
-0.26057012885009256
0.6252602512834108
