60
1
0
50
0.00012963417666613165
0.00012963417666613165
0.00012963417666613165
0.20960649074037097
-0.0743575050673514
-0.7556006944076911
0.7065072451754139
-0.6202027254966911
-0.13403324619804832
0.2652075463020836
-0.6451215219104309
-0.724944916448464
0.47404911904369323
0.9252330145874275
-0.21706494605801022
0.7068865886056307
0.4217307603214197
0.8053199243169716
0.07407573303862627
0.5658646802819334
-0.3900596453918315
0.3411831484852387
0.8919381635638954
0.047869768313646005
0.9863920782534236
0.07319954118333864
-0.5377218953218231
-0.2311737280119359
0.41432702347768097
0.0025397880576039917
0.4783060831423701
-0.2370574807014428
0.32193986968120075
-0.053578255920301146
0.355735789075086
-0.0867985073730661
0.6674483063109357
-0.9951479502686452
0.984578529418561
-0.03991073373694903
-0.13532226364256733
-0.10616355504434605
-0.5873455669555423
0.9211419572767228
0.9174476091807392
0.690477628666775
0.7671861058615653
0.9020558439459392
-0.04566531125512138
0.7798910117233528
-0.963774870489659
0.5067158363970506
-0.41759969973213407
-0.803052693588324
-0.9469708308353669
-0.3477452391569592
-0.26630991039829127
0.45444815101075675
0.6902573905377815
0.9223602293528682
0.5170500329265795
-0.2650915760689908
-0.9855635060607008
-1.2573855174983089e-05
-1.2573855174983089e-05
-1.2573855174983089e-05
-0.42632957493277907
-0.5893623918422177
-0.16349358326202992
0.7199412941661716
-0.8099333060532723
0.44896331063773115
0.2661341167088626
-0.8151504655332247
0.6224368572026577
0.2009942772881102
-0.9382710416539952
-0.20416151923685524
-0.8066857419320677
-0.3048359651830338
0.5031340326525209
0.3862057751130508
-0.30019893966219785
-0.8423537600145341
-0.6551025843317083
-0.37771069076171226
-0.5328875232989237
-0.07921515980776761
-0.7729142349951128
-0.7943204140623519
-0.7624954017322836
0.26201332270207844
0.033704624348471705
0.9599628590101279
0.7483738363039182
-0.09962752069485094
0.9199180165737249
0.5579832136476427
0.009445315768934558
-0.03239281121156114
0.24496510209442343
-0.9971259093106077
-0.26602012898895144
-0.3849803199310676
-0.49059661460904386
-0.2032438517484345
0.476769185789712
-0.1566353542638759
0.28918817025909327
0.13906695235719102
-0.9715430210981473
0.3972872381639038
0.44287953000010444
-0.8549294627829805
-0.7259218128666242
0.9264276737056771
-0.04799345031878963
-0.5103167650256257
-0.30352513293434064
-0.6820470328459022
-0.18704492315125792
0.8239133516337933
0.5779793843194616
-0.9537756510448628
-0.07069539128238396
-0.99364878929665
0.00017059268671030357
0.00017059268671030357
0.00017059268671030357
0.42883975127650736
0.31121875184923775
0.2676184774898848
-0.2735378034954402
0.15648138140459192
0.5396566015881009
0.9958330063965485
0.41489780357868206
-0.10671099616494359
0.13418624761121387
-0.5733373244535327
-0.0220218716817534
0.21269636261709712
-0.3944450521647542
-0.3985709791524073
-0.005948307608721284
-0.7905579843326711
-0.04571977853250403
-0.05107091012381253
-0.7762558926630861
0.5392121331064949
-0.8750695343934692
-0.15437946638908684
-0.930236502377624
-0.5339398874148027
-0.4075560779197759
-0.8299841344913013
-0.12215885350784188
0.21498451645568595
0.9912283909826853
0.6318761706958657
0.7551727103565901
0.6176630159250108
-0.5178230670271303
-0.050957032879696516
-0.7919807605106226
0.49209436484821906
0.9504133397918014
0.6130552120473435
0.2254811940781159
0.2350517131287928
0.9720257641592093
0.7933347883429028
0.8881910592638526
0.44428871398267955
0.8290193803619254
-0.8977402221820099
0.5455183161756385
0.8927337344388239
0.35035634348092193
-0.7823680902665445
0.25036460999026305
-0.04099954970141578
0.36481390098690397
0.48756015430836935
-0.21668207335096132
-0.5812005703352089
0.4012073242217087
0.7615055380326042
-0.3880776925727053
0.00010381750784942289
0.00010381750784942289
0.00010381750784942289
-0.678906184501239
0.5687760786435178
0.4973837044461707
-0.2395169762401801
0.3810899590347739
-0.8920733666452115
0.5715579831509926
0.8259496703399485
0.9549589246970988
-0.9886627196642441
-0.08837013998281981
0.5615722770872467
0.8908080818357905
-0.7566442157061195
0.47523081943614937
0.016949083942261012
-0.30034367431885894
-0.7504949532849166
-0.39579509400765717
0.5879960902292561
0.05209077400052687
-0.3162382684567597
-0.06126300893161472
-0.6774555317118471
-0.3320848971024315
0.7876053351162663
-0.7853183280764983
-0.7741163547597555
0.12397224683563318
-0.4120999559166814
0.09194399622001395
-0.18394466703510776
-0.7212695007955743
-0.017517593686471437
-0.6308460225846527
0.5880076998874458
-0.4586734041662187
-0.7088632230914396
-0.7027279618259353
-0.3910265398073803
-0.9112228810888795
-0.9249242542489208
-0.3871452833167121
0.4636738142546062
-0.5128874844827552
0.20181228344917176
0.936922690517397
-0.1914246448016461
0.8697702574148375
0.3664080285962997
-0.4380858732620445
-0.11851311783606194
-0.4936265268191203
0.5725024343114513
0.09580343498949427
0.6638701730080319
0.4572006610706774
0.736196276023046
0.25851667328218086
0.03875536048028466
0.00013085336508814575
0.00013085336508814575
0.00013085336508814575
0.23237923337143884
-0.07912083227373815
0.41340872893255387
-0.6909491420193793
0.0817227077290398
-0.3090325660093492
-0.41870009850832335
0.2894810428697018
-0.42969874134450486
-0.03683563080016933
-0.4858553906771274
-0.01817563284110882
0.670063436259876
0.6244075863048814
0.34774946638089077
-0.9428324127254485
-0.49979325699888566
-0.5378647510768961
-0.44725831350347683
0.2536789518153232
0.1566229436482088
0.018147367779424873
0.1131810744570415
-0.4689880231170055
-0.6972123633846564
0.43905805202314757
-0.780982517725362
0.45850676789450234
0.3993148946866795
-0.33487731567797563
0.23926136687112934
0.7061990655758333
0.9086502454080452
-0.37453464549465504
-0.892359210323405
0.6857678628953338
-0.6911944543305089
-0.2301152861967476
0.9280043262377584
-0.7541000200638679
0.9630391091200455
0.44933432814958335
0.6896647017956434
0.21222789583585983
0.9687984588684948
0.6117071036064101
0.7284747595789398
-0.8347133293376086
0.12301038917510194
0.13185401243348646
0.7485900809393854
-0.10886190952561095
0.42588112538750944
-0.8173656438824936
0.14947741932155156
0.5875427480417394
-0.2827790883957649
-0.07052973592147839
0.5427324046939587
0.6569847062392199
0.0005020428076589899
0.0005020428076589899
0.0005020428076589899
-0.30413806106302277
-0.5782616925308655
0.6516153151998394
-0.4150048220774049
-0.9996823629267757
-0.9400483494156673
-0.05037273050463743
0.2891215388036534
0.7585185079330228
0.15719168693508268
0.39781592303120794
0.5845238806994576
0.5302382564712899
-0.022199672917557388
-0.3989817310344732
-0.13790333409373168
-0.5611385476992143
-0.9899605098503621
0.5679246440486547
-0.6319423879040432
-0.15163995823280033
-0.8244561430199633
0.7504268623574611
-0.2902001589807722
0.32037173609111275
-0.9791261577487673
0.45879096402872177
0.5231765031866664
-0.31617910275418704
0.7940275258386004
0.6221401465238408
-0.19994266447742864
0.26320418979208576
-0.1947065822347843
-0.6876198970541032
-0.5314097511689104
0.5377245005605713
0.46216553311176145
-0.5174777800207736
-0.04848990171391759
0.10585182159896768
0.4120655774098859
0.08595194696410419
-0.04522696132494345
0.6107806868110531
-0.3408615978683886
-0.6107321525527254
0.616165232238956
0.2922371846072424
-0.9109091841138179
-0.048752604698779296
-0.1937241290869516
-0.8704042500460365
-0.06233833215619825
0.2158322036994224
0.6864850522105106
0.49868101299322504
-0.7660331667638258
-0.7998188512941476
-0.8775267984064985
0.00014677852379716113
0.00014677852379716113
0.00014677852379716113
-0.7993061474478891
-0.22774359256834947
0.7719668363486452
0.85386423474617
-0.5837188074994749
-0.971761055594764
-0.9857059604161105
-0.362507965634811
0.8098006553008772
-0.37642368507631624
-0.3831442982895136
-0.8510790211681935
0.7384802876335674
0.41002728999568244
-0.6720521387287657
0.11250092040593634
0.5683467136497331
-0.8698980818215268
0.30499378877611993
-0.7177725627982761
-0.2739150989246827
0.9903420078818463
0.7677045493270833
0.09797319896533471
-0.29352848134036297
-0.9651611346655237
0.05859785776514029
-0.430495188614245
-0.6018029587075572
0.993665364508357
0.613867794710523
0.5155620935799179
-0.6129735316253195
0.3752465894720517
-0.3057867510722427
0.06625437927298945
-0.34313043422680833
-0.38079308015229507
-0.6753272526059093
-0.132698557465537
-0.6071588136164245
-0.15660276747428667
-0.9865354901866183
0.8689043911776176
0.8805197020144667
0.8806830215138488
-0.4476096791983696
0.29699257315759764
0.07613679444495057
0.03446251408327041
-0.2549127443089165
-0.11573781847240448
0.5688959816566264
0.6205429386293672
-0.17939176735893136
-0.22916488614136227
0.9251720895809944
0.7461442185159429
-0.8354738478190628
0.6832720074231238
-0.00017580827289024665
-0.00017580827289024665
-0.00017580827289024665
0.8256417112110701
0.7778674185396489
-0.22676066802314127
0.4558682257861208
-0.925551573053329
-0.6549353150487538
-0.48568081105353783
0.5222077503015231
-0.2189464671712944
-0.6997196868504233
0.6456453048678804
0.13069883836352206
0.6730252112268514
-0.3414233432651232
-0.402801019885327
-0.5344944465518778
0.29766622600144144
0.9006351049981193
0.9473373208406015
0.2718704223266886
0.7474068931273802
-0.9197954469192018
0.186336783602421
-0.21034009415090552
-0.12410931106996127
-0.2092720056770104
-0.5796750486623385
0.7998881904410307
-0.5573929426578709
-0.4923887389108381
-0.5807758000868052
0.1520141653526912
0.5610083064657
0.39506547732257125
-0.8714579296116528
1.0021337851112915
-0.2825980332680643
0.04017211764911326
0.5420676643319321
-0.3777006519042364
-0.576144294606106
-0.5179424306014082
0.15213860984111183
0.5571053336250054
-0.21342343274696726
0.32887497516767283
0.4880207277780757
0.7421632087718998
-0.45978539529399876
0.616789094477807
0.7699976582278385
-0.8182511312079646
0.7820560349208346
0.34593905962904165
0.8825059553275899
0.3439773699866505
0.15374190202288657
-0.21027938436356125
0.42736968862069735
-0.24890895037490407
3.197802599665515e-05
3.197802599665515e-05
3.197802599665515e-05
0.9761782405057469
0.8981228454394126
0.8649572768754566
0.10063528427040844
0.17119640846241352
-0.246970793827785
0.6880498403266787
0.2521434174739582
-0.7428128617175375
0.018409151726685554
0.9004355157496419
-0.7176379032490959
0.6062795978573716
0.45430147238167723
-0.04535066593451273
0.9252637542092698
-0.8049354799179296
-0.11839186365386796
0.8246271666213885
-0.41117116195968784
-0.07991988643183949
-0.9640081166711221
0.045222520919765974
0.7228804374487152
0.4237359546525875
0.8893478485188848
-0.04593309106408474
-0.6067970785227056
0.2195999289094636
-0.35380294404503343
-0.9107687252151824
0.804479537899242
0.3303377636415884
-0.27719198426172104
-0.9330279697531966
0.5401068026888683
0.843632963594386
-0.2608617130406998
0.4316816571037241
-0.048951526364805174
0.08238069870100724
-0.06980906962971535
0.5661686756901836
-0.9840073198774353
0.992242297986198
0.7075583874591911
0.28084234509164346
0.203546119046897
-0.4834283086115739
-0.37177715870804523
0.5508724466424136
-0.7317404170311557
-0.5134582596658087
0.1972910694050703
0.8253933471175255
0.5025477857726605
0.9435242027484556
0.3948068763775105
0.9247685027304795
-0.9719046774029256
0.00022485205724777447
0.00022485205724777447
0.00022485205724777447
0.2327529003373807
-0.525304698816423
-0.5716926787447533
0.3119596201648744
-0.9208630440675813
0.22183863961105615
-0.3297669644536552
-0.45332562909495855
-0.8837139074802739
-0.7293931080652303
0.5079010447180449
0.8785366562275233
-0.43309623480035947
-0.6289965021221835
-0.4850650715303332
0.9289339028638536
0.44617358735307683
-0.32528284964146775
-0.688482211515119
-0.25614819577160286
-0.12415247469718543
-0.9456175072907492
-0.37749827208162257
0.7794877778825867
0.27674955110341
-0.8336311377877341
0.7344695909645842
-0.9163291437730844
-0.6115910807529614
0.05954093381643947
-0.1639866033762879
0.4521434963947706
0.5004410228126713
-0.45251772469473556
-0.6407829006648629
-0.1701500684438023
0.4295933526252113
0.7369529623371617
0.4937169547734729
-0.06647759239951567
-0.7329799915718147
0.7357508277616919
0.5029368562915347
0.9893463317174953
-0.4072698468825478
-0.051592465967819606
0.5823253641214372
0.040231464326994835
0.6129785466765629
0.920698385042283
0.04853545437083744
0.5721773151215114
0.7361036976748785
-0.6689328719663022
-0.0734740303975889
-0.8820828195166661
-0.7984445741090699
-0.7002593650516354
-0.26714579980831626
-0.6710137487837419
-2.683557931278827e-05
-2.683557931278827e-05
-2.683557931278827e-05
-0.03727176031269789
0.3579697968836312
0.07557166862088828
0.15679762379743725
-0.21883910156387218
0.5562585222711425
0.14799325550462694
-0.33296481667974576
0.961876760792726
-0.7389672794841353
-0.18181118053899264
0.6007893499105823
-0.661586768190908
0.44257419340316007
0.5159430983260114
-0.989357346342228
0.9090156131001089
-0.3067803966508453
0.4009000699081089
-0.9061381232602329
-0.0056268621706019135
0.10245284674864438
-0.4929963009556655
-0.47671363726770827
0.805541521622391
-0.7722357418019745
-0.2576930315904091
-0.11927357767596007
-0.9070787337417984
0.5371283934751715
0.22650474143008337
-0.28997230955802694
-0.9852311878737261
0.9229456249219264
-0.8526889539028101
-0.8048864242262848
-0.8212443749982884
-0.24705584698508687
0.6975551680440595
0.8554530413263327
-0.2728987707326093
-0.77482878860708
0.7470122687607211
0.529423803271139
0.8436222662354629
-0.663436587614287
-0.4170194039660321
0.49015241553349825
-0.03400534395194775
-0.16049127290207843
-0.47423394959133086
-0.6417480589780649
0.5753026778307856
0.937105555463306
-0.12514088572583854
-0.11472603496125482
0.7813142309136737
-0.10760185224670249
0.2191253401792241
0.07008086915328442
0.0001433882150238031
0.0001433882150238031
0.0001433882150238031
0.8176978662814193
-0.3882404274536968
0.4048144091878352
0.48505210252006986
-0.10216416974239094
0.5003330182117924
0.3448529317546591
-0.5900002763744296
0.9917530932360593
0.5493426522494719
0.03512020815682252
-0.7541798102160996
-0.8157626426170903
0.5614227519892453
-0.8055950865241769
-0.5223013137843221
0.540402429621629
0.6835433975579712
-0.7442733177941149
0.5375693385059793
0.37246530304942777
0.36447187197357883
-0.9548058752330253
-0.3659639901606549
0.6501733307111859
0.6851327626831907
-0.3442323511683261
-0.11912739369255809
-0.3377931609801648
0.621928019617452
0.23015922364499286
-0.23061676129782535
0.1815904483945335
0.9026260051854627
0.9207844223276197
0.0656493646937025
0.17286780247196767
-0.20505410875072333
-0.6040155973953246
0.973171313280498
0.236672487069455
-0.500972430026574
0.2993450166550505
-0.20510218935330893
0.6679234619475616
0.36901955291699473
-0.23835677333062588
-0.21900619455841666
-0.9766441570438593
0.8555685476436002
0.35145950861374514
0.7980050270222898
-0.1764183220231279
0.7986826766562608
-0.05071335739033135
-0.5549853870308361
0.743860315422984
-0.42663591487861147
0.8271987251699036
0.8831679379082331
-0.0002563416925396749
-0.0002563416925396749
-0.0002563416925396749
-0.5833350572301855
0.8349541377824592
-0.2411582692900604
-0.7239156565017999
0.927309837107371
0.5336486868886309
0.8653839314411859
-0.7902286735434726
0.9654076452281458
0.3845486426447637
-0.8736576255148074
-0.7083851289742846
-0.38553558920869485
0.13018739082320843
-0.510704295733318
-0.8335342376127656
0.5240950660779745
0.7016478044954867
0.10868765815005461
0.05077093846656732
-0.7485252430472329
0.42686122598547815
-0.20568438391572097
0.7169694629520266
0.39623132339510336
0.31466391516083003
0.025919788691801924
0.2669235894280991
-0.31870029586053844
-0.4132001831061479
-0.239312026028979
-0.5889426980634678
0.6910980994760207
-0.9793854288163317
-0.5028116429945961
0.649112747640398
-0.7305246048072451
0.38031259814651636
0.1359275650749509
0.5637074747372833
-0.4630402871460525
0.6072239226026943
0.9088740221785946
0.32389305631757326
0.12393923666898884
-0.9617584164631765
0.5261604312416678
0.2974769927774968
-0.3916786482737728
0.7446495794771412
-0.9259650176311098
0.6906141515963014
0.050430509390306064
0.06907161396367123
-0.9758152371225052
0.5472807040749881
0.7122272805435786
-0.1479928143451826
0.4971039904653533
-0.5384435223622083
0.0002359366165085894
0.0002359366165085894
0.0002359366165085894
-0.6223157396873807
-0.5059517033153814
-0.4074990116887976
0.25177868080285754
-0.37352033741113516
-0.1852479656827544
0.7522841232403614
0.9885198774500408
-0.25067472297109616
-0.5726327527393245
0.7169883247675272
-0.5406700602623499
0.18885283580179818
0.5858994138593693
0.5656036701266112
-0.23985149351873805
-0.09312801485493058
-0.4625857680883766
0.7304003155274317
0.8063128101395365
-0.4429431368658543
-0.5435468611311518
0.32815687669054816
0.043018180524690613
-0.48886019064963737
0.8604640557851999
0.35665427901481667
-0.11417097313307627
-0.6450880206290773
0.5376833239866943
0.21182449647532156
0.23391698195687616
0.0883437256129861
-0.5736267050641327
-0.23898490078940485
-0.0742319403288415
0.23739959262465057
0.9599702298222073
-0.8543711854047944
0.22996830934654297
-0.23989367653678734
-0.4356884142023414
0.25828016913965746
-0.014435652753706858
0.6342491029731193
0.9582489874115019
0.5918427957858349
-0.7102751326422098
-0.08992738454353427
0.6299781892942424
0.9354569199170554
-0.03247088207031204
0.5791691283446
0.9951183668537757
-0.20631596472745267
-0.36048138347105874
-0.28857457287503213
-0.5063597799938062
0.7008031792393478
-0.5090914830408996
8.003120305494298e-05
8.003120305494298e-05
8.003120305494298e-05
0.9865507724026833
-0.8892061112831638
-0.8384332556927643
0.8882197536332747
0.9167635684887883
0.5923723032476003
0.42961196829129306
-0.059445791808047224
-0.3149954406701942
-0.4409449430341327
0.684380077387554
-0.3572192963317057
0.9282615727420275
-0.7947829700167307
-0.7044256836918927
-0.47898608991078967
-0.2828262323193446
-0.7616414200958523
0.024620023803666256
0.2551319394231868
-0.47843682658984993
-0.7076577694321893
-0.8510945589416867
0.19512610582697149
-0.16484353068282287
-0.028951096832888962
0.8472335976722172
0.18914776817780632
0.7197584620364772
-0.3246811524235192
0.9752112691871202
-0.6641004274171207
-0.6963901654909679
0.2759272496883414
-0.4987549070724899
-0.19667688760637728
-0.0585281152559886
0.6040090410328178
0.44244687569034086
-0.9143420962455612
0.10028162317977388
-0.8019753788228812
-0.6622931611181042
0.421829398539739
0.9988630253112598
-0.31586745038461483
0.35167788341586836
0.060684427630098924
0.0652480021241194
-0.22774823615799353
0.12057340617522713
0.9029441069271369
0.061244390448831024
-0.6259961533933808
0.8273066649093802
-0.8561752550132805
-0.4286141804326356
-0.938389553521337
-0.09685559687781765
0.9994591959557526
-7.872031299609754e-05
-7.872031299609754e-05
-7.872031299609754e-05
0.3435776737637698
0.07584994233030593
0.8004077706444895
-0.07249115353481239
-0.5149367561264653
-0.6527104737504769
-0.8374192895747284
-0.08746423719091978
0.8472202477004732
0.7174427564659697
0.6995039891768582
-0.47696540413335153
-0.08014802509781031
-0.46727854565855564
-0.2626814710288238
0.22117684665124288
-0.598208576608886
-0.4609843185841983
-0.8123426778255484
0.152728512037998
0.524478398357314
-0.635848547334295
0.3224731278734899
0.410321327661458
0.03282011552617621
0.6792523743810752
0.38596731227304765
-0.031907182697399936
0.2998724335727083
0.9296825123107009
0.2596851273653754
-0.0614264100036544
-0.7328792298837075
0.10784101132047891
0.4883689889730271
-0.3507601891438115
0.4263197214551076
-0.5585098211080668
0.44724322049970805
0.7491929140121656
-0.05988988802328757
-0.012771618256716426
-0.9304679752463821
-0.5955555900058891
-0.9216949090273013
0.37146617389545034
0.9582254683425859
0.013882943794397796
0.17608764343139785
0.9965320908033961
-0.7270052508471715
0.936564287752485
0.38373206802189097
-0.9900622679644996
-0.7966205018645126
-0.49384354493416477
-0.5441603155429984
-0.7668635103025626
-0.50472364642329
-0.40500076097050675
0.00012128339041197653
0.00012128339041197653
0.00012128339041197653
-0.2247458461602952
0.5836905631725235
0.9446541681586413
0.5761202655717924
-0.19529468600918626
0.24181638563925376
0.6474617607052757
-0.41307805216974497
-0.4428388188955892
0.9544056539068329
0.9584614149384618
-0.8518501813213523
-0.14362235990449956
0.6801500240581516
-0.9821996136155344
-0.8872216456542169
0.12958451959478334
-0.12986964651308197
-0.2321979142895364
0.1255081460106795
-0.09395524477060621
-0.04823943950281139
0.993284425192033
0.3973997381723029
-0.8052368999213404
0.3587320492190326
0.3388913016896276
-0.10648599512899465
-0.14580197888903657
-0.22856349764213188
0.2179340710728111
0.19325089067188675
-0.9699591309765525
-0.9833241828321097
0.8206004617314645
-0.8501993482422296
-0.5932745916099106
-0.26900578409008696
0.09666832112715948
-0.320321615953473
-0.7359309915137069
-0.3066770495421657
-0.5143133075826444
0.24016675996567793
-0.2612144416168764
-0.6274446408642927
0.8692247989308052
-0.9704821494444988
0.9478326233594375
-0.762195659433821
-0.12678505356311395
-0.7125650269974659
-0.8546913936828507
0.40927253554503173
0.05361783296279925
-0.5632003604663743
0.5685781761851905
0.18719271123881606
0.13365804172467224
-0.11301761020738825
0.00025537759884350456
0.00025537759884350456
0.00025537759884350456
0.6539774782546415
0.9361814914437554
-0.7473325454146335
-0.8076261320888309
-0.5604944039549823
0.16621586064980926
-0.4242700551438019
-0.49712904579072703
-0.747133452121471
-0.8549132011740708
-0.4975368061011005
-0.6300006237740793
0.6128440574318381
-0.6404440377065539
-0.8003960818635389
0.15731958864098808
0.4756041647544685
0.8360304083906559
-0.6721624781452764
0.10208307169651157
0.9948799803466823
-0.46673037355068575
0.6271119855320773
-0.945856228431514
0.514280230561146
0.11853519121723238
-0.3210036330627122
-0.21015882414606982
0.46499913927397085
0.25693320063188796
-0.9891566483392534
-0.1293429926657473
-0.2201044543412234
0.39442125455271393
0.17795707210640876
-0.05593871868867035
-0.6883987413735964
0.2798123864860843
0.6649272714977502
-0.4717287622447682
0.41902339501803465
0.029790771844356648
-0.0647662819114224
0.21234179296757713
0.8202477611537369
-0.19178617747808793
0.7172106829159882
0.09717745168481662
-0.24734403260234744
-0.5234637556744138
0.8645842921170016
-0.5418879511111384
-0.913348876645008
0.2891189725677905
0.05351577957533177
0.731177539287824
0.7580737953173574
-0.598856439177269
0.9081115411303253
0.6627583576670705
0.0003365213064095606
0.0003365213064095606
0.0003365213064095606
-0.03935005597195442
0.3642445891886176
-0.44055103666448514
-0.33516793199231526
0.6295093195998827
-0.2586512307247581
-0.4067146293761315
-0.4113675955710933
0.33699638112456837
-0.4536740215667426
-0.22166080522454
-0.11024440886187019
-0.671651228002048
0.6309852465754473
0.948148526210886
0.2857707024522293
-0.21707750561857542
-0.15171537501029417
0.6881003964619586
-0.9356336225020954
-0.2323395011452627
0.39411713645153995
-0.11207327598298886
-0.7780438134611277
-0.8070785343288653
0.035817930775906004
-0.7546729230667039
-0.07340839884207363
0.6192343916185707
-0.6417738859670428
0.16050415242525046
-0.44513671919826203
0.985334291247513
-0.9942699070412196
0.29585767782997174
-0.6242959568422263
-0.4918680280209491
-0.09125540722780281
0.3413454032621028
-0.9993284002397186
0.3380489904982674
0.887797937923903
-0.3082167474697847
0.0986770595998629
-0.9667043252248303
0.09532594728642964
-0.8097034111674469
0.04474960591389444
-0.9474703710858294
0.1742796209074784
0.681248119523826
-0.3372836110759484
-0.17200355287857746
-0.28116460268575094
0.14499004026175052
0.4694362765415734
-0.431064934340647
0.01712181977195908
-0.13369852442400676
0.9819241878407471
-4.985755777962855e-06
-4.985755777962855e-06
-4.985755777962855e-06
-0.29254602430309506
0.5404861320514898
-0.3031355299978713
0.004963355915052163
-0.08869370478678944
0.07956205401111184
0.8964643542521419
-0.5332829908803035
-0.3125227049582529
-0.6807127458268559
0.33344914225674754
0.03269322050406198
-0.35097192339675326
-0.2772582170088741
-0.43439571142345695
0.16108873785597747
-0.048832275260408224
0.33755859531912624
0.16841118739136723
-0.10308296448724569
0.7455462237002916
0.49676546542885724
-0.6147286572251927
0.13409088266811245
-0.8498455782415728
0.8813346598051766
0.9054408014755827
-0.28269197268405427
0.19551797594984024
0.6349416802276847
0.43929813380009103
-0.98506904371023
-0.11219714483484433
-0.5020783282120699
-0.27486487516499997
-0.18539371390969261
0.5447134391267789
-0.3518125899363923
-0.6950170950060679
0.3960955764942907
0.1769680879857447
0.23266393806651073
-0.12112760468070852
0.32849861533962504
0.5116014891835625
0.16555537261349637
-0.15891953634402425
-0.8513166283136598
0.6073158986330183
-0.5017508634626521
0.2865402197832132
0.45515634600010785
-0.7821166891826866
-0.5882772556812027
-0.7026644810355781
-0.8885654657493434
0.85582708034574
0.07558152581197665
-0.9829141893520466
0.49590319655708853
-0.00013562092380446785
-0.00013562092380446785
-0.00013562092380446785
-0.32986782703050227
-0.5905586080418657
-0.22294647945009294
-0.22444793582179734
0.528113488176845
0.5213362031460386
-0.08056209335900388
0.14921749602961773
0.011121552873084849
0.7999683562695152
-0.7505208504285347
-0.8676028645525454
0.20934522142600254
0.2150413331244402
-0.10652024759138702
0.3284046413264849
0.5572873947970667
0.9449479880321568
-0.6960392651624868
0.8727558324456648
-0.2861611600971525
0.7044077134960998
-0.5939428128845841
0.9916821758375497
0.9621264620845155
-0.11997919682500173
-0.21831208790378248
0.9708550534409967
0.4619235449759639
0.7495255601179548
-0.11722461286148575
-0.9470877412742137
-0.382217410258541
0.3240372853658878
-0.48232551905028465
-0.9447321653179019
-0.9701543413830244
0.04442273592825833
0.3555543784072067
0.01116584937980627
-0.6629136660182503
-0.7888851869267685
0.19048279501006438
0.3091927464732384
0.49267447309441115
0.5084166041953784
-0.7629652443396187
0.5808120870525307
0.5106369872710843
-0.8596841244200644
0.9232117732282967
0.47987279578398767
0.5436938841535912
-0.8880554264759835
-0.7710760604238888
0.03997422130749886
0.41998056412591506
-0.6473748207229333
0.27018486817664034
0.6124912213360661
-0.00027387350188622637
-0.00027387350188622637
-0.00027387350188622637
0.9796012593545044
0.16459010903878826
0.01184169227186855
-0.5655652209102698
-0.11187600157003152
-0.6935466015029107
-0.4329364410016454
-0.9299301604558163
0.5609178180820495
0.5106207365698479
0.004990037537910142
-0.8120546754606369
-0.1628592857674462
0.3544453507229882
-0.9180485922366344
-0.06444240392174283
-0.3330282986352901
-0.6345001864411803
0.8614940204056966
-0.8160323251485182
0.2723551403084816
-0.5719275761547422
0.6763112706557819
-0.6064887823878822
-0.4293942556647461
-0.7253781105011031
-0.8714344905050784
-0.6289447189539401
0.9367965895272976
0.31216859868185143
0.33377751620347423
-0.3834088305674769
-0.28167527337737
-0.9883254652596065
-0.7184952535922902
-0.2328508290364288
-0.6103666840919724
0.6879054908646071
0.8698192213549129
-0.9555740838731204
-0.7541865888055361
0.44114123911536013
-0.5864806290974884
0.5602199529343475
0.953234724587433
-0.02926279871564298
-0.627851870735463
0.5276719145803642
-0.21075780881557815
-0.1291853373000633
0.0834968045683773
0.6179939186200125
-0.7274210496969589
-0.13382367554864774
-0.6991283851646933
0.8356735511951895
0.5041714405442954
0.8242490062281913
0.6019288027790414
0.16380973064901538
-0.00021069486465139019
-0.00021069486465139019
-0.00021069486465139019
0.16516508286154524
-0.4952236242652563
0.9381673929003684
-0.23626376314715083
-0.02234096077723956
0.2568505103833547
-0.2543229119016236
0.14960347267590657
0.8507702266994026
-0.23597033162301662
0.8546378484877816
-0.6528237432068044
-0.6444236970940743
0.21017128565182788
0.1329011561078187
0.7637608133795953
-0.7989979743801949
-0.00663324638394499
0.2508684344366291
-0.7612699759417317
0.7592166784918805
-0.8656398051990731
0.8558571843355272
0.927436195147058
0.3826443396264327
-0.012693274246964065
0.7758405960803224
0.34031346799379064
-0.9937878402558992
0.24086570816630296
-0.012634183162692972
-0.19035935692858993
-0.7387000641565197
-0.5675010398110009
0.486245130373839
-0.48515808138964867
0.8196795175879906
0.0479267805405155
0.49184296773113095
0.029419525405220925
-0.3875354599353829
-0.3473439969554901
-0.40336810999970923
-0.5243341084881226
0.7090586349694672
-0.7159140644614742
0.9296472809538742
0.7853564565345331
0.10813122952866716
0.6508234577448021
-0.4938514319883783
-0.6852718768766533
0.46916207333988524
-0.009165750984966482
0.659345987619763
-0.5915613842380778
0.330017610008292
0.7768176798087771
0.8852326700166894
0.018659764871572598
2.295407166832513e-05
2.295407166832513e-05
2.295407166832513e-05
0.0963243892732938
0.20636632127766552
-0.4600281119484383
0.4405235965937262
0.49521658791181394
-0.17458921266731525
-0.04712259750637792
0.7220834610088775
-0.950469407872479
-0.35234433030931567
0.4465921583138607
0.9929268166698683
-0.8003479506208203
-0.2858472745432826
0.32001112216629685
-0.8777048291536782
-0.510132742049072
-0.18822304389937972
0.15681469765260564
-0.6492119512469826
0.8398692531429776
0.1719887170459375
-0.7160683428597162
0.4531398449494036
0.9627115025875764
-0.5285499337944807
-0.8236580097722465
0.31894771315121984
0.8248971572511133
-0.004215344123163315
0.5561056400736463
-0.1879627927767286
0.3270078555981271
0.745894206257222
-0.33802703371848
-0.02028531683913857
-0.2619275591512851
-0.6670290402859707
0.23274624447176065
-0.604453189408777
0.6586266711858967
-0.07804679566038371
0.23095451310910253
0.45374487907763816
0.6631437009244043
0.6560613330015177
-0.8579283023317561
0.9432749619889078
-0.17851716002162288
0.9443948990843553
0.8973579826419806
-0.054114686479642314
-0.25623839415836625
0.975124560569776
0.3158150076448662
0.4220187110665966
-0.46154118874464856
-0.5057180941334164
-0.575862593686732
-0.5599475908980955
0.00039153976456711664
0.00039153976456711664
0.00039153976456711664
-0.34345535132074556
-0.84919849869068
0.05550785691659101
-0.6043118006921668
0.047187458524632665
0.13393202344662747
0.7660570022344029
-0.7865868062071675
0.24610472903525782
-0.6451590748200953
-0.5523829191175896
0.3836807639305799
-0.19298053268953755
-0.8425479519656454
0.6923541150904774
0.6889027567505988
0.8623500976253543
0.27961012252535555
0.7496537813964698
0.8331325432965196
0.5861321501082736
-0.8045762085065716
-0.14393139947881894
0.4421735563071938
0.4118505446673801
-0.8971685362606249
-0.06531767024476477
-0.34201636791084306
0.8239608153275849
0.4713903775275324
-0.18794935226068074
-0.9221975158950966
-0.5571852305998116
-0.09500735094214151
0.5309972201579003
-0.42437118914714755
-0.8899921310280162
0.14828452135947714
0.263551238746741
-0.053716521933013704
0.8847034837552396
-0.7028472354793397
-0.9157669200928016
-0.8350762372869088
0.6460965993305884
0.5945859381105539
-0.8885376966676829
0.08548738657488772
-0.8663597366482254
0.5480683463657693
0.4670231956544355
0.1318895740904594
-0.9536181018065627
-0.977682264697448
0.9760776611422952
0.09664648179661756
0.0936502322659137
0.25059906536157234
0.7037454362690523
-0.3648966301852866
-0.00010510768252885227
-0.00010510768252885227
-0.00010510768252885227
0.11002379490964011
-0.15649819859458022
0.8522342333281195
-0.2750256119622824
-0.13962170500169194
-0.8650668531154204
-0.39053517296649465
0.8186332685836479
0.1366070979492649
-0.6566949297557159
0.7675919643204626
0.5985282035363594
-0.2345922211737515
0.6341520653556578
-0.31705197440397415
0.01456591383189619
-0.3633365731200939
0.202265848745759
0.9667042255419745
0.35059945387945624
-0.5177382784067466
-0.4275849202868301
0.5094347389387107
0.5568901265195708
0.516077774488964
-0.7544576284559839
-0.5504038567800399
-0.8782895959475306
0.445820642362273
0.501275004443234
0.4281884137666949
-0.2728821752187501
-0.2399365043737255
0.8072024569887835
0.3717961108813005
-0.3048011286647674
-0.7647307072182674
-0.657771872939357
0.8744950409039605
0.2480089266191623
-0.32785409870195786
-0.008161882143203021
-0.6703315254412855
0.46175667109825747
-0.7648713299553309
0.5289134688554492
-0.96787458798509
-0.29063605740510323
0.8571056135407442
0.9671848471838951
-0.7442116819223441
0.06228672456818973
-0.8234599033323792
-0.44184400397884876
-0.20916020905869107
-0.14260529831530835
-0.32541060001127176
0.8955839555773457
0.9536700209594301
-0.3907993571347391
-0.00011642712098787773
-0.00011642712098787773
-0.00011642712098787773
-0.047443464277950036
-0.4439831625002226
0.9629302212324813
-0.8397814059248823
0.640784193969781
0.8504734231871687
-0.013216561805179997
-0.5227322128551496
-0.20117913683045704
0.46465264962421
-0.8260437566162111
0.5278513283792067
0.5832834569919745
0.7316786484152672
0.34565911542995437
0.775634018748543
0.41612171406345
0.7186268254169437
-0.2106122054578114
0.29398839268149324
-0.5801080026099433
0.6467244040337585
0.5245026308615147
-0.9229270254945193
0.06464168039336857
-0.5258910790779068
-0.40788902211426437
0.8775122434275879
-0.8596323783976194
-0.822414386468557
-0.39854749442118664
-0.5150381690100573
-0.029028340780174546
-0.6203771095339977
-0.2836128770858419
-0.8913765489076934
-0.22492653036578164
0.45465621883788104
-0.5832089934240315
0.3884194310910328
0.3057775933417442
0.6030797280580245
0.7847233472544242
0.4194896176243521
0.8977785518350773
0.3612921556242939
0.3966528954138198
-0.1874098444447272
-0.6779320722212897
-0.6787270578158607
0.3453192639296531
0.8018943592910709
0.36092177291115907
0.7750893567419209
-0.06689517757121168
-0.9615472391019931
-0.25831609267034816
0.695051196909691
-0.17877209347228612
0.1863479007222062
-2.0630797406634837e-05
-2.0630797406634837e-05
-2.0630797406634837e-05
0.3286246455984689
0.34849075093944026
-0.8276508336440543
0.7442618800051308
-0.34853925043334255
0.7666491452322076
-0.2955649739622012
-0.4621767469688672
-0.9432474455304278
0.4892076298479874
0.38214540964535626
-0.9512256892698573
0.9866136922693799
-0.9632450697650967
-0.19498744999526751
0.1944922745248841
-0.7268822345255528
-0.9730227163641567
-0.193166014104142
0.787699131324729
0.0066893182641854934
0.6404026114318063
0.6568782078115826
0.8497328292311694
0.576629282553209
0.36331514392227354
-0.13685736996902498
0.653456443401404
-0.6480567758559883
-0.1579188244719528
-0.49329759685844243
-0.2836762224251232
0.35968110273233955
0.9630406999664438
0.6042166160554567
-0.6334661309713602
0.17182500845331888
0.18338908055756295
-0.24447682534912218
-0.3005613243469871
-0.7446374245087604
0.5790106527654614
-0.6160141646997032
0.9860766421740581
-0.03653020266259514
0.7958835079361445
-0.6423480030621468
-0.15765376247147264
0.03250048497897336
-0.3175535799100162
0.12165613827299988
0.5372269725207155
0.44556484142588565
-0.05384258911980235
-0.8403099652704119
-0.3460155716914938
0.32179240109565777
0.6594791557312994
0.23231167651956453
-0.06523097221762322
0.0002871280359085851
0.0002871280359085851
0.0002871280359085851
-0.11612397831524124
0.6664858403018926
-0.2882733196904472
0.01838822059463375
-0.16118779080479478
-0.2770248935977682
0.06672961516056403
-0.10032739858987116
0.7842957868700834
0.6060978830631993
-0.5053115909273909
-0.41812947424764435
0.7629256264431742
0.6113650617954199
0.7650356880091527
-0.7014325367038629
0.7494068322611132
-0.9205113203362639
0.0407696195833571
0.18174131521288298
-0.8737610098469668
-0.7893443248250753
-0.9839685381498147
0.8960971663579969
0.5191564835249562
0.33853194894960853
-0.3016871994371018
-0.670845179162718
-0.7123862024109218
0.29854686891597987
-0.7386294815009757
-0.9655803907009766
0.3294017686935263
0.425190913836156
0.5057115347029822
-0.04534813543156872
0.2723560397363893
-0.8481231835969218
-0.4257416651773632
-0.6981566815995613
-0.8821460328235173
-0.6527593027642409
0.6961752101170247
0.9567013350830512
0.9318295990399321
0.3200788809601041
0.3484889270418333
0.23728860536424126
0.8250099819409419
0.7132312058809034
-0.15079945638760062
-0.6289305661089778
0.9536509905357408
-0.4636795323706659
0.1576486320744447
0.8593774487377466
-0.23712781927091273
-0.9970426231270352
0.08032613703368549
-0.0614765203120251
-0.00017769203334121235
-0.00017769203334121235
-0.00017769203334121235
-0.466919915853865
0.5614068856096925
0.6073126606846542
-0.09778595983967406
0.6151916794269576
0.22826101919928843
-0.086694971613692
-0.5189607035637955
0.6230695237246554
-0.3901674376252823
-0.9221507085582288
-0.7643289057450358
-0.4270602793958453
0.6823725647631171
-0.012792548589153487
-0.009526608006936731
0.9502774308364041
-0.7283492911714325
0.8645964341685621
-0.5394671568214949
0.4743882234931635
0.10197180496313248
0.18186067303137837
0.8923798863009087
0.30023984115554014
-0.9210510400019342
0.8296666348919371
0.5765951367420186
-0.7927680677996417
-0.24869735156078784
0.17608961857902994
0.13751003882385243
-0.40096360697390737
0.8883382525157363
0.5921102683425634
-0.9351413223293144
-0.5723583941332017
-0.9480511290396074
-0.5233868988262631
-0.9209558814945729
0.8799310121125908
0.25219689418374314
-0.29621197581196484
0.8725091892713742
0.7580226317867689
-0.7506719753070361
-0.05584055650835094
0.2481134195967099
0.014155266701641129
0.13539968518217368
0.6740203511357873
-0.605200178981232
-0.4389249243281586
-0.3397295878474703
0.45304892533493346
0.825548180288901
-0.5103321791377748
-0.16100685183625862
-0.3015730966593933
-0.9181802522755231
0.00045705768454270575
0.00045705768454270575
0.00045705768454270575
-0.780407912105705
0.3401665301500854
-0.3539224770694679
-0.025208958660356693
-0.0795818041064722
0.33564656797763764
0.5459417438943248
-0.5410315072414609
0.29604268819724716
0.7771388765673557
-0.809927607843479
0.5071321634605152
-0.9192556050222418
-0.6096311291858196
-0.9956667103220858
0.10771332868225694
0.5385878651588056
0.96389794377705
0.8775169545932395
-0.3831569088963983
-0.9125696905714186
0.2759225164458754
0.5234849204811897
0.9100825627773517
-0.7696269608102766
-0.8786090618392198
-0.03790938330871898
-0.6872020587483929
0.6985863379172191
-0.13576927734234057
0.21556651087729115
-0.728999417874698
-0.5035168916386882
0.5429925403387965
-0.7971405001326751
-0.4357586085457145
-0.3020501707989402
0.5568910445408597
-0.8255632666519016
0.7363645486898912
0.18580208415827557
0.8850621872587401
-0.14669212664262318
0.29854236491145825
-0.1497347475450911
0.6130943793988639
-0.8015019620637582
0.3378725261600352
-0.11622558159292953
0.916480933037271
0.3769873058368656
0.19450120295446138
-0.8643017121739831
-0.8987021843427412
-0.803630787101519
-0.15164120757965596
-0.18992102035854497
0.8795478747727875
0.1291109916170685
0.20620598271275425
0.0003778356668194173
0.0003778356668194173
0.0003778356668194173
-0.782505136984931
0.06515977322247313
0.6959673038162962
0.17328212992678305
-0.5704538472291723
0.48801528457811927
0.6735836595944464
0.7760998535242812
-0.04662912461212982
0.7770122322848324
0.5556440497060479
-0.45728317459096957
-0.44940520711711374
-0.69521549559607
-0.8464144461837934
0.19088785471191036
-0.1046743920416118
-0.22838306288939506
-0.45682545648304745
-0.48099111841511555
0.6926970501838008
0.9020391436163623
0.26332273514681803
-0.48102139215600526
-0.6950935577610708
0.38159011578446483
-0.3823555648310434
-0.24862442432399356
0.5725177791821577
0.20887073726771274
-0.35513665980627346
0.6332337164803862
0.43728801257621297
0.6077418712891217
-0.8088896931891619
-0.13784120323077548
0.025822041310552567
-0.23824423159569316
-0.993771431295698
-0.008233349873010425
-0.924404126141998
0.009978848773916206
-0.5288981408326122
0.1068282820594141
-0.5962481733012375
-0.06365128841670205
-0.7576842072225258
0.7480127290654105
-0.3631166960403548
-0.6023481733683624
0.1383439937760035
0.2228598165985333
-0.7667966746857947
0.34188318179671334
-0.5622492293681488
0.16555247708718032
-0.8782110683268824
0.687731360113211
-0.8323960464120371
-0.49426008966508383
0.00024331391775470952
0.00024331391775470952
0.00024331391775470952
0.7547112630400598
0.3276199825441325
0.09357581789157501
0.8622892082803643
0.3603231983733977
-0.7457944734993572
0.15786626241318918
-0.5386026697504651
-0.6775352525076025
0.23284640145938146
-0.7400602323660468
0.17801868400871165
-0.5841757375361691
-0.3980256275296657
-0.17187880243754491
0.4132524482642294
-0.34019913159957565
-0.324979764299895
0.20638826364925122
0.4862298918586428
-0.45332021237340275
-0.9587040959217842
-0.6844991637271244
0.43066578980327797
0.5815004403573428
0.9177621318598015
-0.898973768622095
-0.8793562629313243
-0.5395158525767582
0.6994032651451834
-0.4840002393131982
-0.7870927364000588
0.8190990859212817
-0.0022946909238845434
-0.999026143318381
-0.6119085244164053
0.6830522292437718
0.6308427594468932
0.46812638769307396
-0.19229644874362004
0.7731109633293792
-0.6672901657562159
-0.4071017583390704
0.38893222550587014
-0.8711253884839799
-0.8985553200915771
-0.32589052721157136
0.46617089652909016
-0.246255696294471
-0.4006159939589043
-0.9158951343087756
0.8978342493981328
-0.7884859691762178
-0.09240859278007324
-0.27099702025767025
0.07736141172927483
0.04622864674326342
-0.07332477686058761
0.7102695619187586
-0.9380717348287189
0.00022480187182194437
0.00022480187182194437
0.00022480187182194437
-0.9045049560991872
0.9188273529167083
-0.7323651423470372
-0.8829250506144065
0.8625893881681453
-0.5402850213977931
-0.6022743679331409
-0.017143512485288163
0.6481007955900007
0.1636592911374334
-0.7707603790494297
0.30114055631248166
0.0904128976830765
0.2698598900817986
0.2557381397916089
0.31316100483349707
-0.22987804949658422
0.21932430863113533
0.02911008172267859
-0.8170820635961307
0.48068387604219426
-0.02371376216083444
-0.3700970563002388
0.5048245251880077
0.362384053053234
0.6041051881062607
0.6417183105619324
0.7888401629330378
0.4341819470698598
0.8070332829395037
0.022312881091263774
-0.4303530989089154
0.9884641830749471
0.5507273808968667
0.453416877906737
0.48347938767288945
0.504037367014459
0.843261637596801
0.81636522491671
0.10338157635443414
-0.9510228579526739
-0.29177971989813906
-0.7570160218222972
0.24305265955878097
0.7923165731577863
-0.9749781526723453
0.4114239835308579
0.21242238317272985
-0.5760949573765103
0.254810570174313
0.44104057195591667
-0.1729733275270073
0.6327917343478157
-0.37509429461451127
-0.862024180210925
-0.19345759025743006
-0.3982715932333177
-0.2783170808888378
-0.3115523358897152
-0.24511445209374697
-3.435621418723522e-05
-3.435621418723522e-05
-3.435621418723522e-05
0.04269798847361549
0.3482190344503385
0.3537311106080325
0.0018036101951957406
-0.016860660688229195
0.9720924629575014
0.18862134170775385
0.9210645711431176
-0.6826735972949257
-0.18518576230824282
-0.24865412525884753
0.9304531955789664
-0.8299114152993808
0.2619844839468573
-0.9229870673495557
0.6021637707402039
0.9832424729167615
-0.7981525171082354
-0.617202594214798
-0.965341924531225
-0.048245265600439756
-0.39457925855756415
0.12822735808183264
0.09657498805769846
-0.15352934650751784
0.24758878652702115
-0.8758391393371237
0.12492075825781455
-0.6370364249235609
-0.3814662323993623
0.2465841761591493
0.5352328678755396
0.9810749487359317
0.36051830438755145
0.5674164501583796
-0.08337897276042627
0.634503552358416
0.49714907884653425
-0.9046434237262276
-0.4271356908681217
0.524963595505512
0.7830859136245559
0.7357951311833223
-0.5976196668046622
0.6420790775703238
-0.1893531232425665
0.03052138181148661
-0.9638731689946959
0.7401624684137581
0.11082050098286156
-0.9721203423256388
-0.8390479175769493
0.1079040644567692
0.6393540325009638
0.8250709730767367
-0.42807317885842916
-0.40243552801521254
-0.16281959913314753
-0.16888147382545468
0.08663041437345187
-0.00011696087935997175
-0.00011696087935997175
-0.00011696087935997175
-0.2779157543989812
0.5347759998456185
0.0026779633723678837
-0.8431201312170007
-0.8255788306342726
-0.7210234066662305
-0.003535652067276075
-0.6010737374928236
-0.18949326057619612
0.6798657080579775
-0.4062610426233191
-0.043883317648053394
-0.8487343998942108
-0.3745421297531479
0.28674286669037674
-0.6703378204462244
0.7079473957142723
0.7526898448620492
-0.592506763802
0.6882020717846529
0.8886395440433562
0.4194784017720823
-0.6859052438321175
-0.04120673366239639
0.6957415458705135
-0.8294722953946995
0.7519362160078058
0.13164616064664786
0.9669947899183
0.36373914590138934
-0.10275313214420717
-0.6533440575237689
-0.3919288478798186
0.09036550095895032
0.5986581165658126
0.3445629057539221
-0.7232055811166977
0.36695784469822734
-0.5765245639916385
-0.5155271428172077
-0.026405598131017123
0.9231015789664441
0.8152392315270142
0.7198849695307677
-0.7572785501453276
-0.7462573262116571
0.6980248956879259
-0.9308766080152177
0.29161623210794296
-0.5193389705617395
0.29173319132344167
0.8086043634360686
-0.10576712529630172
-0.23995683915160135
-0.9642959412251627
0.40384677026801896
-0.8414146964097076
0.5443509237657165
0.0036231232476425772
0.3771771514337765
-0.00014956086995086395
-0.00014956086995086395
-0.00014956086995086395
-0.910687385445643
0.803806833347797
-0.46783434249594813
-0.0771608335846763
-0.5121144600533051
-0.16443180822369596
-0.19658875418807012
0.5974753642602512
-0.9499120238127274
-0.44997449910266096
-0.692759639330524
0.6221365078776115
-0.020061245384939176
0.3343802948273643
0.9256572729684837
-0.49768257721754244
0.2450078104823087
0.1858454237597937
-0.008062210148675869
0.1432638917836575
-0.5443595661514792
0.4284656393272452
-0.48683052264670557
-0.07454594731831964
-0.2474611875766429
0.2922849070875713
0.13989822802211846
-0.7933906692937205
0.314629210426663
-0.9159219334693235
0.31069606113104253
-0.0158115832818706
0.5410783208591738
0.11848104323006992
0.9746888010465955
-0.7381582727687314
0.11663460937814968
0.630913298833728
0.6990072622116221
0.6445432410781294
-0.058691270778994345
-0.7026038101909412
0.42864265983488364
0.6917623646327651
0.808677922706396
-0.18332590448882882
0.04921094158596637
-0.3998212173509461
0.6200172037107469
0.5234615332783213
-0.23782600324873554
0.3318171909121379
-0.462635323712042
-0.5716326827388576
-0.9131228225875068
-0.022197234713566123
0.8040995723405631
-0.2753563222154481
0.3532568677118258
0.6964098122357876
-0.0002022886385178514
-0.0002022886385178514
-0.0002022886385178514
-0.6789753383398258
-0.8978281049171521
-0.07630302730071044
-0.49750680233120054
-0.20694313262687894
0.9420249809775634
0.39399493725239
-0.7617049927047678
-0.20361414079265258
0.6195147370333628
0.33467726540493165
-0.16789830773151437
0.5968238594998135
-0.855477030914092
-0.41041176905878224
0.26636533075862084
0.6502667255743263
0.05708844337059147
0.7211201702182867
-0.12790296914139945
0.34666670918582776
-0.23153179028016002
0.21462185778740994
0.1401973147891793
0.5488279645822707
-0.5464081218992266
0.02100245539687576
0.30015301427510105
0.44684354982950747
-0.4911178066627736
0.3959297031077526
-0.9653482490208696
-0.15830108573673934
0.8045652640222191
0.4260609393603464
-0.5391119514089692
0.43399766299787645
-0.16783903069939973
-0.68723819262243
-0.7225423499008731
0.8329146416858756
0.5495075167843685
0.4219754407568329
0.8190553092649111
-0.24692071619443798
0.29980716553741726
-0.5991837019076046
0.11381835824136217
0.17933698849447496
0.7805562868571991
0.7917803190719738
-0.06982237641695967
0.9204338570667642
0.14695608300670138
-0.6026227474760553
0.2664156358894428
0.4931929408669852
-0.7819028433607205
-0.18428136470770537
0.4367034623728254
-0.00017473653070138615
-0.00017473653070138615
-0.00017473653070138615
-0.14738185658653202
-0.2446085982479876
-0.17923170679486838
0.8426271222467211
-0.8622972079957705
0.8632287187935281
0.5860040360080152
-0.8864665057795648
0.7010351270037664
0.7546202258290955
-0.029442347010053067
-0.16889569186499295
0.9005009923750187
0.39881922663753405
0.7448719816331196
-0.583282852217273
0.7775679045890794
-0.0550775316727166
-0.04559702012134181
0.9029259552907049
-0.8231782082420556
-0.1527384371258472
0.1542495749835034
0.37069214308668547
0.9024521490464863
-0.8048393966800395
-0.1926923559328879
-0.12814862142570815
0.2156078899964537
-0.7800196691506235
-0.35056821605589084
0.7899197892731487
0.08273383757318624
-0.901931752403755
-0.18759550203684813
-0.8182516447031476
-0.9857440750365772
0.9781457398643132
-0.2522280460357087
-0.5965221295846638
0.5349553673671683
-0.5140280674828294
0.3927766042055614
-0.9309895795860533
-0.6457560704708626
0.6716827801214562
-0.14494049124287492
0.7284763451469227
0.6311233247224426
0.2066204616346659
0.35395981588171954
-0.6293185489091588
0.4855248621441561
-0.0090119615977377
-0.8671818977295314
-0.8663606634879489
0.6604285360980555
0.5096673213222137
-0.40570392062850097
0.8016233655713084
-3.415678078328231e-05
-3.415678078328231e-05
-3.415678078328231e-05
0.1842501148261768
-0.01763740391446271
0.9069889066834231
0.013832576451770887
-0.953976350765991
0.2946753505265303
-0.647572935434724
0.8125528876305868
-0.8698567781928885
-0.3723198316057328
0.08406102416459012
0.7869407038944239
-0.3273025043277821
0.7703753670869634
0.15960439045105762
-0.0373847419793183
0.018816379532675682
0.4402251374949264
-0.4957136212166452
-0.7320705787066192
-0.1657557164258795
0.5181559351594239
-0.9211179512874067
0.07929823613229316
0.18529408762785587
-0.47409997570385265
-0.9067465540683601
0.16744629269554653
0.2625336140586696
-0.48378177681659623
0.03303500578076518
0.992161621473097
-0.17294276183058033
-0.5195311454376649
0.7012897778249314
0.6627047531804733
-0.5561482240401011
0.7660308327248728
-0.13239877462457014
0.09073146865065354
0.020248228031576766
-0.7260531853505041
-0.26252767349710815
-0.04989909750831878
0.19660148957122073
0.4810403775055576
-0.9636981759113294
-0.014734535491573372
-0.8781595720133529
0.45530560268441284
0.19120682012610002
-0.6296035091536708
-0.6953285510046191
-0.08098816845291468
0.501492556990157
0.2971589244140125
0.556801451985656
-0.8977031566514014
-0.4225206284025955
0.17394296902511647
-0.00010729119693396545
-0.00010729119693396545
-0.00010729119693396545
0.956806376291175
-0.8546575795611775
0.6849047892919717
-0.28524766855663786
0.3328480261383178
-0.28288244565146575
0.544838656711029
0.5299566009981443
-0.8032505118123329
0.7083356530999656
-0.8409523775056643
0.5013146276497413
0.09816008163849865
-0.731927748507158
0.37810022627529843
0.05292198847878327
0.21142385865074384
0.019817133904626628
0.307397382888273
0.7023474856440827
-0.27257685588463404
0.6455463909356487
0.38051908458139216
-0.2322571430966856
-0.726457220048829
-0.6123812477690053
-0.45201989196092046
-0.8113665094223755
0.5975885215567904
-0.7779553757061997
-0.8303571161596027
-0.35623189156669866
-0.2881538532236926
-0.7548255583315561
-0.692314157322883
0.5214927347686424
-0.571602289847595
0.008517374757298128
-0.9455942985255354
0.2176629586380326
0.9795694011758413
-0.10316461483925968
0.6083366393456976
0.17133360590081578
0.6719917075366088
0.44477440174800625
0.5073963813023663
0.2103408343644942
-0.8098049009531619
-0.18217636209726307
0.36798303307593755
-0.44170675656354247
0.05897601018729897
0.14939419042894556
0.9523566462219841
-0.16813791430061506
-0.3410007009276605
-0.10915564715591067
0.21100000022694587
0.9808788898910862
2.4638060905814128e-05
2.4638060905814128e-05
2.4638060905814128e-05
0.7737250500315708
0.8741997751930947
-0.15340602493944522
-0.049682481195826744
0.6685124436652612
-0.0018171738656355741
0.22369027053577084
-0.7317986727687836
-0.4933531696432961
0.017981673353163544
0.9387208861944348
0.1247369602230511
0.8719697298711744
0.5590131046293709
-0.8723202253697705
-0.13383835427853183
-0.08740746012630764
-0.4667024078534282
-0.029882533536731117
0.7723531652080251
-0.8475150860920022
-0.7909906124849786
-0.878305863438014
0.9593534003978551
-0.4238332940863259
-0.21108819873940546
-0.7323386524371831
0.007068809367746624
0.5246231643106298
-0.04389630429557436
-0.027168271079184104
-0.3569231287044353
1.0023972928425295
-0.5729700766416506
-0.48291652003535923
0.8696760733698681
-0.15442798599556157
0.28320542918516206
0.6000977893083027
0.5743468119333167
-0.32400482641159156
0.5737721651365477
-0.3889147415131003
-0.10621390838477149
0.19793722921316584
0.31108090200264943
-0.6010401276820522
-0.36136126812812264
0.8166528058541994
0.691726989044206
-0.5349811197310453
0.05887066946444368
-0.262164455790009
-0.6013631692859127
0.11513847105734035
0.8038624065988307
-0.893923410428529
-0.9541466419050256
0.382883093211091
-0.4402862684490654
-0.00010026911234558283
-0.00010026911234558283
-0.00010026911234558283
-0.8279603884415825
-0.08204618605555829
0.7307473087159166
-0.12379875980154878
-0.30522636944621484
-0.897047153828643
0.32946671994653465
-0.9182102343244825
0.40673783505850725
-0.22249767648438887
-0.44693940642618746
0.7832117665275232
0.8498933769653796
0.6560628960891982
-0.6444453751678615
0.13083377473994703
-0.5779911710038589
-0.5344264144877561
-0.7326588357732657
0.21633123650575212
-0.23825844444515576
-0.19429129281404253
-0.37352495519385903
-0.8469795601642286
-0.38716940686337314
0.9943751044377013
0.39639607288883816
-0.0633831553083338
-0.02232061572837628
0.02327423785652328
-0.8003715278353327
-0.9947955040366752
-0.8323348631531673
0.44150946585836215
-0.17322134452367544
-0.4114897285974909
0.6727415840791219
0.2234943031379521
0.8201419509594577
-0.6498881486822612
-0.9718052163823304
-0.7106776910664487
0.9169584915397537
0.5725790698535189
0.6400118890031986
0.879459790741079
-0.12283443077204774
0.9311319526630248
0.2848690825677253
-0.8213146873647404
0.06791206739713264
0.45684762340482976
-0.4386888978301073
0.8915897061790504
0.25228337851957955
-0.4086278245153931
0.9305425731839758
-0.9058508208066178
0.11042353381366764
-0.9780021957528376
6.699529569347866e-05
6.699529569347866e-05
6.699529569347866e-05
-0.5033766575529798
0.9303265092913172
-0.5154871582050742
-0.26337190842138414
-0.94838863735109
0.5668573807708824
0.5869097218482091
0.8662110221417193
-0.848200797258466
0.13179682982659102
0.9225226873874945
0.4266668110026842
0.6893467541807269
-0.9755095934895555
-0.37287124957799184
0.9467110745100147
0.7279666688968214
-0.4556557427906293
-0.23501048985537332
0.024061720162821452
-0.058982182783900335
0.42255884717788045
0.32138111985121615
-0.9696270785385463
0.3064362305289654
0.8607556720957249
-0.5392734399095169
0.31138429584422334
-0.6346390983794771
-0.2511378233332253
-0.5033877152483051
-0.04475941776791296
0.14179056189700678
-0.8627720669912621
-0.6413802195496887
0.09718356021004919
-0.9638833114221985
-0.7042815015627176
-0.8649774552321595
0.2680183053215526
0.9024206779277006
-0.05691762468264253
0.5283204305298009
0.18666626607421757
-0.702638917223388
-0.21251601052255156
0.03154046458482554
-0.9664676531732302
-0.6995131580108472
-0.32518347984038803
-0.5009764964638698
-0.9190768242248654
0.513316284242772
0.9378823972740719
0.24427054770595874
-0.2285030399975795
-0.6543587110352111
0.7798130049714868
0.17354941658882003
-0.7685297908414909
-0.00014972562170991057
-0.00014972562170991057
-0.00014972562170991057
0.3294568845922797
-0.37027513114265487
0.12844701371011596
-0.10022434526689585
0.5461424371537908
0.929348894403519
0.29911391667651943
0.8961288181332708
0.246599483523761
0.739165753988275
-0.57877729331736
-0.8366475964949733
0.9344922355303676
-0.4775027242865642
0.8959822822343833
0.1037937451856696
-0.5180754458256581
-0.20807936576787528
-0.9708764559625367
-0.8102533818372724
0.09052052805068304
0.6736085365746438
0.8477002205765228
-0.8859826442975952
-0.4854741627180197
0.38136750175448364
0.8590717553033991
-0.0023933574276174666
0.2348216507464452
-0.0963514824514132
-0.035822925759635874
-0.05903297811617241
-0.6752331664373582
0.8860258810124808
0.903270568442292
-0.43271933302021026
0.6070158677054545
-0.3715020745997323
0.5801922638825459
0.7391119964757017
-0.8856557071983985
-0.4440658454476744
0.07041873072438988
0.544012393483953
-0.6537997188618979
-0.4640133207746189
0.41013988589570777
0.3516388516907972
-0.3992811706299959
-0.24476509981796096
0.08462652022679006
0.9422190845398296
0.90379592497781
-0.2516463409161306
-0.008202327925347874
0.4574692373144324
0.659538265677108
-0.7832742097039511
0.9646933727606827
0.5674797403069645
1.630175307021328e-05
1.630175307021328e-05
1.630175307021328e-05
-0.5271074387172439
0.11569113839243017
-0.6804625254228538
-0.6350359683026376
-0.6583372695283621
-0.16619564351480348
0.17216279163384504
0.5874813540709461
0.7443607138626206
0.3223784201228065
-0.2988044758261857
0.8565218111772717
0.22748684816219703
-0.17351107466284055
-0.7106298372262831
-0.7841853908703046
-0.6814643572898524
0.1461209441645028
-0.6338890469830852
-0.5886219185253065
-0.0861226475324246
0.796211373592632
0.4056840594877356
-0.9775673322857532
0.7660084701723721
0.1445217277329231
-0.7320224162197541
0.08987868369579126
0.7493924414271691
-0.517302841492775
0.13715679583427196
-0.4978559679442841
0.29845603465490994
-0.8914501563411211
0.2690782911376245
-0.6051928531542266
0.37210405730539653
0.18278803314664788
-0.680987707654024
-0.2464473774479494
-0.6761756525942204
0.34409682316587886
0.9062055027988423
0.046020356146421845
-0.05161870706116395
0.561522551473748
0.1842686189096766
-0.07253623106532248
-0.2956869265865264
-0.11355859440288618
0.18332158144970917
0.0751493520943364
-0.735022670965044
-0.49111313744719015
-0.5228818443097395
0.7033593106276247
-0.03304777798586546
-0.691607899848066
0.5095557135126526
0.9775825740860663
0.00010863994854850626
0.00010863994854850626
0.00010863994854850626
-0.9173949714957711
0.36647337372478705
-0.7321508643924787
0.9285485580808812
0.3651744927580329
0.5698028706171682
-0.412390413057383
0.6121242460298993
0.403509734095491
0.044020609437650474
0.9823347554253633
0.31221862063735323
0.22278911832213633
-0.8150179376078006
-0.22164847411154112
0.44676204741296655
-0.23979472977087352
0.4592032819365047
-0.5864767894920253
0.565934712845625
0.1286907395916833
0.3239320832978756
0.9428426976165329
0.30003946113277413
0.3558791883888863
-0.7620664058319936
0.2535575717835612
-0.049258698652825825
0.04053270007416177
0.47554862579751317
0.2094958202488991
-0.7517188861581663
-0.6036692326692565
0.9966717309717693
-0.38935712224643343
-0.38301729213644453
-0.7340556741550935
0.6797049630806559
-0.35330491213587617
0.5066408704764971
-0.28949335129165255
0.6085489358989062
-0.9581411920937647
-0.13821678426365644
0.06300234838636673
-0.986187149291028
0.33837554276669474
0.9715928432282618
0.1040569982355954
-0.7971969062578539
0.040696386430840725
-0.9370738879091773
0.8880334072669709
-0.9020144231629011
0.5979635163699283
-0.4855699662094605
0.6086929403234889
-0.9697464170508974
0.6519346361470194
-0.4611325208522703
9.990979360744665e-05
9.990979360744665e-05
9.990979360744665e-05
-0.6194933033633617
-0.8380122945650624
-0.8234991939138936
0.8466687202316846
-0.22559658179731165
0.4587955511103784
-0.04674870466664588
0.4945265018036395
0.7515300898079675
-0.08859950216348003
0.13639832196653637
0.7811110939281097
-0.6193649301972642
0.003733085904503585
-0.6928402483419824
-0.5272308763574639
-0.19601747482400914
0.1837005838372249
0.36149908170926226
-0.504627488989967
-0.12876584959203125
-0.560131885710071
0.09986784140766712
-0.8035558590439128
0.29434988502199355
-0.4062172489465468
-0.8308138765256661
0.04387356799682266
-0.08990018026133537
-0.3908479213205941
0.714874605423574
-0.9790313558523874
0.2961728863952142
0.5560652934864756
0.7007327987275032
-0.43527108556475114
0.9199747608873939
0.6187987433927467
-0.2747614924932391
0.5771501581542116
-0.2592598446769636
0.7511329331891188
0.5999727314506262
0.5898028307845233
-0.737800399157242
-0.5808287136919407
-0.0167843418309486
-0.46898314689112286
0.059052485944949745
-0.6366376945077449
0.8141277762792486
0.21948797218659433
-0.15164344222849954
0.5218920122444703
0.7697152475537179
0.2352605703039325
0.3503412361498761
-0.1734619144188854
-0.3260929304338804
0.25254504562911034
-0.00015330546189634112
-0.00015330546189634112
-0.00015330546189634112
0.792578414879728
-0.884955130184495
0.7442721609425728
0.210730054649561
0.09364103759267314
0.3910829622182902
-0.5861610352597255
0.09620512495973804
-0.6202737676615013
-0.49183578981218473
-0.5858537680610338
-0.1813094997585855
-0.07068209971647574
0.538255889687099
0.01604337070166974
0.03566964207238618
-0.46913317720454223
-0.8280000384451902
0.8444777932098375
0.22288768608606463
0.5353447825414354
0.28269366101163734
-0.8150566599718391
-0.6103348565390967
-0.07788137016152233
0.8480279120551065
-0.809157495128911
-0.5837145805040553
-0.6145306398580939
0.628078174686103
0.20736650797371395
0.9152976921357341
-0.5903557354960668
0.1245946605116298
0.025524356441061165
-0.4622827623343355
-0.6467785469967094
-0.894525155348433
0.05152494045446412
-0.7322719230987949
0.4769151796165799
0.3225327540259539
-0.37243715182452386
-0.08795653362597598
-0.6802843880418508
0.1888377649021893
0.5753108520206642
0.5401510791639471
-0.8783742590628607
-0.4474838651487159
0.527601167469834
-0.16049441115926574
-0.1419488466489336
0.4780897670173779
0.8835079121472695
-0.41155071700207485
-0.7739614242599823
-0.44150857564502805
0.7165519716855504
0.7471809088275216
-9.783414240696325e-05
-9.783414240696325e-05
-9.783414240696325e-05
0.6542825886991037
0.5131316393048542
-0.9893769479158213
0.9893862374444685
-0.5103088069313043
-0.16643231001775327
0.009349798954205315
0.15994302055830106
-0.7821959363612215
0.9133228847690693
-0.7893940481893676
0.3211528656683687
0.8651184554581922
0.2747560074269928
-0.0018931355347370296
0.13635527383602006
0.6119774319998472
0.9735054257790382
0.30098095234925637
-0.704663441430501
0.32392707688563227
0.8304197984785545
-0.33803163896688937
-0.3648390337738387
0.5171819724745028
0.9485149058695881
0.8678131004550874
0.029116497639590955
-0.39506748938766
-0.8841588527342003
0.36666773159465443
-0.04643855531501444
-0.6319313762868131
-0.8409278117901445
-0.13909058322674347
0.7213967116184467
0.8384556585875035
0.4578037617395905
-0.2575070474907049
-0.33829940364185085
-0.8413404225992194
0.49981991787916746
0.7766257697382272
0.35151794416189003
0.5553378221436205
-0.8646056406410569
-0.23394481740926107
0.8284637919590174
-0.6237058012557496
-0.6150320974970236
0.8318009251298151
-0.42900218630228903
0.1036032480922637
0.2200326580930537
0.24044880954909026
-0.034631565225472664
-0.42897779614020803
-0.11451433849257957
0.8837265203878435
-0.3011832517815285
-0.00047565081974401495
-0.00047565081974401495
-0.00047565081974401495
-1.0658608335167807
0.027441225564068267
-0.7704180891593917
-0.25365876791787567
-0.39638510818538497
-1.2287652363116677
-0.3416029183565387
0.6748027594079085
-0.23518827853230417
-0.4988517025023627
0.07684165129193068
-0.687134312247627
0.7959389304373246
-0.7722629033728877
-0.22780012087627377
0.19623066565196112
-0.33464503329270834
-0.6488843377413196
-0.7628078606817535
0.015154086646152488
0.4414951948964128
0.6146209367670659
0.7342460974965538
-0.06762907037618797
-1.041501341175576
0.31497165694862855
0.42430067574954966
0.06745961590354917
-0.775224748605981
0.5022218454988981
-1.1227101235183805
-0.896541414703935
-0.5814006943237306
-0.8808261385081194
0.10795891751760668
0.30097101669892884
0.4552994101091852
0.6258968777447448
0.5947062145474821
0.0870334282540569
0.2925334353195287
-0.08677962931906726
0.23651331398163694
-0.18832454913286328
0.7074025477028973
-0.03834182107670794
-0.4124648458843738
-0.26204493729357176
0.3629159434910866
0.6731947345668574
-5.58914538055172e-07
-6.117447367222004e-07
-4.373818867352547e-07
-5.96940691330515e-07
-3.9383583213297687e-07
-5.17872874676129e-07
-5.63526650901191e-07
-4.048487083161801e-07
-4.221970709384774e-07
-3.829311558453835e-07
-4.2551503994269565e-07
-5.467655804543512e-07
-6.935670362207109e-07
-3.9529252429211587e-07
-4.397939461631661e-07
-3.9721347649371804e-07
-4.2960894107845634e-07
-4.319316988254886e-07
-4.6483978327965034e-07
-4.3763883792346037e-07
-4.627367290144518e-07
-3.2097663325430065e-07
-3.043412231382495e-07
-3.188257658464109e-07
-2.749003651611321e-07
-3.8095007684857284e-07
-3.5960296973298344e-07
-4.1641827933602853e-07
-3.4907052382234467e-07
-3.8798832288245425e-07
-4.151242909123452e-07
-2.3408853576348086e-07
-2.6963821080233607e-07
-2.3605736814256165e-07
-2.556716699088383e-07
-2.4183558376069606e-07
-2.9572690011270964e-07
-2.957061494365538e-07
-3.260462311702879e-07
-2.4423647322377635e-07
-2.3888531616818056e-07
-2.148101367661919e-07
-3.373277810096604e-07
-3.1748301252827097e-07
-2.563526707034868e-07
-5.0138997323220803e-08
-5.8745967446699615e-08
-3.638869702779967e-08
-3.796774203002483e-08
-1.0965737096459205e-08
-5.102353120466936e-150
-1.2332735116572352e-08
-4.661379890625044e-08
-4.7743654514525475e-08
-9.88307126623396e-08
-1.2840634161350658e-07
-1.7620637074706014e-07
-1.941220984061579e-07
-2.3739012804168638e-07
-1.8380502364058683e-07
-0.0001699569638113047
-4.119216559806363e-05
-0.00014005237518892698
-7.041415517108476e-05
-0.00010582421506304021
-4.490974741095339e-05
-5.4674348314310844e-05
-0.00015056133088401565
-0.00017265328174996498
-3.263554211473711e-05
-0.0001085735841308166
-0.00014557153735142973
-0.00013425446299256754
-0.00010828204392416196
-0.0001004456026266651
-8.707082749680151e-05
-9.294529002104868e-05
-6.92347288845101e-05
-3.372498475525864e-05
-0.00011612987316013504
-0.0001319538458696656
-6.988832502610742e-05
-0.00014401663811103925
-0.00010895994966468346
-6.914033488628207e-05
-0.00011987904054500432
-0.00014214401755596365
-0.0001251229698455746
-7.854720656214188e-05
-0.00011629070111509225
-4.8690131022205634e-05
-4.516353738450041e-05
-5.579383274221765e-05
-0.00012611199436839368
-0.00012134671106497546
-9.615631899238094e-05
-0.0001248198588104327
-0.00013029890515437188
-0.00013928459276858857
-8.89253569948584e-05
-0.00010600417657955727
-0.0001295486244687382
-7.481085206548472e-05
-9.93831339639081e-05
-0.00016384771759363228
-6.581987150319814e-05
-0.00013103698778476377
-8.554440760244132e-05
-7.923634565440608e-05
-0.00017873030895802184
-0.0001699569638113047
-4.119216559806363e-05
-0.00014005237518892698
-7.041415517108476e-05
-0.00010582421506304021
-4.490974741095339e-05
-5.4674348314310844e-05
-0.00015056133088401565
-0.00017265328174996498
-3.263554211473711e-05
-0.0001085735841308166
-0.00014557153735142973
-0.00013425446299256754
-0.00010828204392416196
-0.0001004456026266651
-8.707082749680151e-05
-9.294529002104868e-05
-6.92347288845101e-05
-3.372498475525864e-05
-0.00011612987316013504
-0.0001319538458696656
-6.988832502610742e-05
-0.00014401663811103925
-0.00010895994966468346
-6.914033488628207e-05
-0.00011987904054500432
-0.00014214401755596365
-0.0001251229698455746
-7.854720656214188e-05
-0.00011629070111509225
-4.8690131022205634e-05
-4.516353738450041e-05
-5.579383274221765e-05
-0.00012611199436839368
-0.00012134671106497546
-9.615631899238094e-05
-0.0001248198588104327
-0.00013029890515437188
-0.00013928459276858857
-8.89253569948584e-05
-0.00010600417657955727
-0.0001295486244687382
-7.481085206548472e-05
-9.93831339639081e-05
-0.00016384771759363228
-6.581987150319814e-05
-0.00013103698778476377
-8.554440760244132e-05
-7.923634565440608e-05
-0.00017873030895802184
-0.020680470423652824
